s1
1.76814
0.57285
1.39717
1.50327
1.80919
0.47095
1.35206
0.80221
0.74595
1.78466
1.05640
1.25988
0.90571
1.50523
1.07323
1.44808
1.44548
0.38387
0.66946
0.51056
0.82878
1.33338
0.97052
0.36897
1.34957
1.81884
0.97689
1.16219
0.60832
1.77020
1.70119
1.49050
1.14195
0.89296
0.45168
1.10479
0.67845
0.78610
1.42319
0.96127
1.76492
0.91696
1.28786
1.62745
1.71505
1.57384
1.63535
0.89533
1.78375
0.57724
0.87053
1.44617
0.90262
1.36148
0.29786
1.26782
1.48350
0.80294
1.76461
1.44161
0.72055
1.44237
0.60559
0.83584
1.37831
0.90576
0.86193
1.51596
1.30819
1.20988
1.19177
1.58303
0.83025
0.96532
0.64882
1.12282
1.21202
0.65319
0.72752
1.11649
1.82631
1.44039
1.86524
1.15904
0.90977
1.13280
0.91158
1.05677
1.26283
1.03407
0.53372
1.04190
1.57686
0.72597
1.42130
1.81800
0.99999
1.18733
0.64386
0.90624
1.27957
1.01848
1.49371
1.20181
1.65473
1.50704
0.03290
0.95723
0.83315
1.10052
1.02560
1.79008
1.81391
0.74841
0.70871
1.10876
1.79498
1.38770
1.38687
0.84861
1.59101
0.59105
0.88837
1.01858
0.71010
1.04616
0.70147
0.46427
1.65917
1.19637
1.34433
1.12892
0.58213
1.61718
0.57169
1.14543
0.97432
1.01928
1.45802
1.35134
0.86033
1.03430
0.92214
1.31718
1.49999
1.15325
1.43649
0.46872
1.85285
1.59034
0.90632
0.65862
1.26926
1.09924
0.87490
0.93422
0.78939
0.43828
0.72520
1.70497
1.35889
1.03080
0.86437
0.92144
0.81160
0.53179
0.53494
1.68419
1.38744
1.42610
1.05290
0.88628
1.16154
0.89587
1.40797
1.24690
1.56136
0.69152
0.52677
0.98616
0.96983
1.37558
0.50790
1.54987
1.08309
0.18212
1.51731
1.46605
1.65096
0.90497
1.35715
1.29999
0.86299
1.15586
0.93197
1.32722
0.88389
0.73016
1.75404
1.79219
0.72184
1.36972
0.18334
0.84350
1.77746
1.22206
1.36720
1.04014
0.64462
1.47863
0.72853
1.14994
1.66181
0.75550
1.44549
1.48799
0.76313
1.45790
0.61511
1.76643
0.69941
1.74348
0.63836
1.50667
0.72198
1.65023
0.57297
0.85220
0.87831
0.76547
1.13840
0.58913
0.67958
1.39895
1.04647
1.71668
0.79127
0.98154
1.56151
0.90972
1.19142
0.69773
1.21174
0.55146
1.17833
1.28356
1.36280
1.64766
0.39860
0.26406
1.59185
1.31326
1.83098
1.66718
1.28699
1.07676
0.73837
0.44566
0.95365
0.79136
1.43993
1.03335
0.78075
1.81114
1.50164
0.32150
1.11473
0.90973
1.10211
1.39451
0.80598
0.83826
0.80002
0.35723
1.75962
1.40337
1.03974
0.27674
0.46900
0.88814
1.48960
0.38674
1.44607
0.86697
0.54144
1.08482
0.81093
0.62585
1.43378
1.01986
1.51383
1.76269
0.76001
1.00584
1.17324
1.11866
1.84849
1.86842
1.44927
1.76468
1.42380
0.67695
1.16268
1.09475
1.52268
1.15540
1.68832
0.99678
1.21675
1.01962
0.96374
0.88833
1.39658
1.18757
0.69381
0.56555
1.28008
1.20697
0.74828
0.76872
1.36999
1.21765
0.76630
0.38776
1.55512
1.32567
1.74880
1.76342
0.55855
1.24014
0.67742
1.28981
1.65849
0.81040
0.77054
1.01774
0.86898
1.00207
1.04796
0.25077
0.42004
1.22565
1.55811
1.76923
1.23898
0.77845
1.09514
0.97981
1.58552
1.08115
1.52231
1.02513
1.44149
1.55754
1.29382
0.93916
1.61198
1.41909
1.85139
1.28702
1.16964
1.42799
1.15349
1.88326
0.98771
0.73847
1.45882
0.90516
1.30909
1.00347
1.34004
1.64712
1.73557
0.57419
1.14640
1.49022
1.27638
1.06392
1.05609
1.20451
1.68291
1.54534
1.31581
1.45024
1.77982
1.47906
1.44235
1.70672
1.34915
0.65182
0.96528
0.57667
1.54965
1.63634
0.45385
1.26944
1.10927
1.84708
0.85438
1.29462
1.59995
0.70712
1.32947
0.66360
0.93247
0.67998
1.09598
1.09767
0.91971
0.57756
1.47223
0.83624
1.44914
1.62413
0.85580
1.31322
1.28938
0.98266
0.72301
0.87651
0.71753
0.96782
0.84649
0.87307
0.82513
0.87116
1.02028
1.09015
0.92582
0.43078
0.83224
1.28878
0.62009
1.76508
0.59205
0.76525
1.79478
1.49617
1.42808
1.09598
0.77450
0.28920
1.25622
1.91980
0.62520
0.85305
0.83908
0.31525
1.27551
0.58477
1.25226
0.72218
1.07045
1.04562
1.11453
0.65556
1.19066
1.56984
0.89345
1.18903
1.04817
1.57023
1.63994
1.73145
1.15931
0.74602
1.00504
0.95138
0.87278
1.81033
1.55537
1.35306
1.29779
1.04911
1.30124
0.63900
0.98121
0.51542
1.43619
1.33602
0.39310
1.61704
1.03477
1.19060
0.91963
1.68416
1.51547
0.82338
1.03489
0.78550
0.97522
1.01712
1.61529
0.84315
0.07744
0.45412
1.10749
1.69480
0.85255
1.71520
1.21116
0.45634
0.99385
0.67406
1.22100
1.28768
1.53512
1.19225
1.05625
0.55346
1.72431
1.09793
0.83022
1.27391
0.92894
1.58153
0.98003
1.53072
0.88217
1.60589
0.94896
0.59195
1.17635
0.58376
0.40999
1.64337
0.55442
1.44466
1.29990
1.95788
0.72189
1.08654
0.57458
0.40168
0.84170
0.96898
1.42282
1.43044
1.47248
0.60470
1.26620
0.76733
1.00680
0.99776
0.78798
1.18382
1.81731
0.72832
0.33159
0.78601
1.36738
0.80602
1.20796
0.94252
1.69874
0.45416
1.07780
0.58140
0.89331
1.11368
0.67064
1.24546
0.65542
1.73956
1.25112
1.78074
1.61635
0.72128
1.61662
1.87295
1.85490
1.77205
0.87515
0.64973
1.54199
1.22907
1.64672
1.39026
1.08111
1.28161
1.63680
1.68786
1.05008
1.57933
1.44530
1.58066
1.07991
1.32575
1.08034
0.85828
0.88974
0.69510
1.38421
0.78495
1.28275
1.43393
0.82417
0.65555
1.09339
1.03634
1.68942
0.99704
0.86941
1.24745
0.76024
1.70442
1.88528
0.45213
1.66861
1.16513
0.81633
1.12224
1.41643
1.26183
1.53468
1.24996
0.55029
1.34587
0.96085
1.12869
0.69820
0.66585
0.34753
0.30591
0.51912
0.99042
1.31912
0.46101
1.03343
0.47154
1.37799
1.30176
1.58983
0.51494
1.79028
0.96634
1.07288
1.50916
1.18241
1.06488
1.45435
1.17456
1.34800
1.08900
0.15589
0.46608
1.58760
1.05097
1.61765
1.36848
0.64861
1.21637
1.40203
1.14764
1.10464
0.68933
0.66418
0.77126
1.87727
0.15052
1.18227
1.79250
0.72494
1.10281
0.82252
1.19385
0.97285
0.71002
0.83245
0.44367
1.59380
0.76138
0.88500
1.05142
0.64629
1.27997
1.18278
0.40094
1.25128
1.35996
1.75128
1.07852
0.88217
0.57813
1.05158
1.65708
0.89274
1.53388
0.68098
1.14553
1.10494
1.17422
0.76414
0.46285
0.87088
0.51064
1.19777
0.86398
1.44469
1.50276
1.72127
1.01784
0.53803
1.28220
1.48550
0.38997
1.07694
0.36657
1.15644
0.61774
0.73050
0.24647
1.65938
1.14629
1.57757
0.93915
1.01354
1.68673
0.93305
1.40305
1.78178
1.24932
1.65105
1.65321
0.71077
0.41136
1.37586
1.48200
1.13225
1.80743
1.79549
0.66897
0.57700
1.13519
1.00408
1.45729
1.57932
1.48487
1.47153
1.14628
0.47638
1.75881
1.62610
0.79225
1.50687
1.00910
1.57020
1.68893
0.93147
0.73672
1.66435
0.92570
1.16512
0.83638
1.01365
1.52205
0.93145
1.81857
0.72196
1.68775
1.01433
1.60938
0.65778
0.85719
1.95060
1.00637
1.67782
0.55875
0.67817
0.86814
1.69262
1.63114
1.61715
1.11261
0.28239
0.74929
1.09947
1.25592
1.65521
0.90530
1.27526
1.26828
1.51366
1.46601
1.08492
1.50391
0.37605
0.69948
0.87162
1.08288
0.53280
0.91652
0.65332
1.48436
1.31192
0.24679
0.95875
1.63283
1.14218
1.00106
1.32157
0.48788
1.64665
1.78244
1.16683
1.33068
1.27155
0.73706
1.75918
1.39768
0.90982
1.46610
1.52552
0.81157
1.31013
0.59980
0.97714
1.14050
0.51725
1.12451
0.74233
0.83990
1.84543
1.37040
0.54772
1.54738
1.21550
1.21876
1.15288
1.32877
1.21393
1.09860
0.80113
1.42151
0.76895
0.96458
0.91034
0.92770
1.41811
1.33553
0.19350
1.72761
0.88737
1.64020
1.13340
0.77769
0.83263
1.16210
1.23147
0.65879
0.96034
0.94745
1.02013
0.97524
1.45135
1.10336
0.48796
0.36614
1.65255
1.40580
1.09003
1.37539
1.48463
1.10162
1.31062
0.55663
1.61007
1.26742
1.83738
1.68464
0.94362
1.47448
0.93489
1.48762
1.58544
1.22029
1.38260
0.66825
1.80589
1.15285
0.82525
0.76066
0.96038
1.45179
0.80222
0.71454
0.76795
1.08339
0.45266
1.16235
1.20781
1.48835
1.04600
0.60695
0.98050
1.42214
0.29922
1.09122
1.60444
1.12607
1.00441
1.41064
0.81238
1.77933
1.45070
0.85819
0.68808
1.62089
1.56916
1.25356
1.11128
1.24270
1.57045
1.38333
0.81711
1.51683
1.01028
0.88844
1.05047
0.83944
1.19270
0.98096
1.82528
0.53601
1.26938
0.76787
0.28063
0.98700
1.31261
0.76923
0.54801
0.94257
0.73997
1.66338
0.89074
1.10007
1.34356
0.86090
1.34644
1.07594
0.56835
1.02640
1.05553
1.18871
0.72945
1.29210
0.85818
0.44174
0.47522
1.53194
1.15872
1.18538
1.73388
1.54897
0.52801
1.55561
0.55804
0.81074
1.07133
0.23977
0.96667
1.46838
1.22503
1.70907
0.64354
0.90257
1.42515
1.52117
1.69819
1.29190
1.49131
1.34406
0.81200
1.49634
1.10813
0.56608
1.93903
0.41103
1.00521
0.24472
0.82764
1.28749
1.03527
1.41596
1.44081
0.78795
1.58430
0.96869
0.89467
0.89634
1.68825
1.37881
1.27981
1.77571
1.66318
1.00204
0.84130
1.16699
1.13209
1.65364
0.84948
1.35764
1.73183
0.57870
1.11151
1.52171
0.85423
1.42785
1.43764
1.53515
1.64315
1.35530
0.70153
0.53100
0.54557
0.68655
0.76161
1.58058
1.78006
0.67456
1.35332
0.42042
1.07977
0.98038
1.56168
1.44318
1.41983
0.69545
1.01496
1.15307
1.44611
0.74490
1.21717
0.82878
1.47341
1.21326
1.10152
0.95856
0.51183
0.82354
1.20150
1.49093
0.77845
0.97147
1.26741
1.16176
1.53352
0.84951
1.33160
0.93489
0.88274
0.80817
1.46724
1.54090
1.36109
0.66543
0.88296
1.09843
0.49649
1.92424
1.24865
1.16892
1.25555
0.66175
0.43313
1.26663
1.43439
1.48485
1.28973
1.40946
0.75787
0.97934
0.71647
1.21246
0.50737
1.11527
0.61238
0.87777
1.48309
1.66015
0.80617
0.67496
1.16381
1.10338
1.83864
0.37262
1.35012
0.98441
1.19546
1.63887
0.57556
0.59813
0.71857
1.39192
1.87590
0.87562
1.22705
0.71164
1.59029
1.43869
1.61216
1.43044
1.38753
0.96696
1.58114
1.94326
1.35894
1.65167
1.06439
1.50977
0.45082
1.36910
0.61150
1.22898
1.27407
0.56753
1.26476
1.47439
1.05526
1.67247
1.25504
1.06450
0.15770
1.37376
0.38711
1.44245
0.94348
0.56904
1.22523
1.67670
0.38306
0.85969
0.79860
1.55116
1.39887
0.98904
0.65722
1.26835
0.71013
0.26465
0.45219
1.31105
1.00146
1.40130
1.20874
0.64915
1.34857
0.82822
0.60067
0.50622
1.10596
1.52674
1.56117
1.58590
0.84731
1.26083
0.27640
1.85337
0.90346
1.01943
1.56678
0.68394
1.39557
0.82089
1.08657
1.44970
0.73540
1.20244
0.97416
1.74292
1.33694
1.66673
1.36429
0.88508
1.47832
1.22315
1.27260
1.23854
0.89114
1.10732
0.76323
1.88297
1.33537
1.35735
0.44581
1.80713
0.58855
0.94196
0.94919
1.14884
1.14488
1.18036
1.80959
1.26938
1.17634
1.14583
0.93285
1.09235
0.94745
1.23518
0.46259
0.92214
0.42224
0.43020
1.62303
1.92191
0.72131
1.56433
1.30181
0.94050
1.76550
1.69979
1.75402
1.42291
1.12168
1.60187
0.84307
1.60781
1.04618
1.77802
1.17773
1.13205
1.76112
1.09537
1.02490
1.28714
0.93432
0.50425
1.28552
1.20737
0.98612
0.66835
0.96901
0.85014
0.41321
1.17062
0.56296
0.78195
0.39654
1.33473
1.50303
1.32417
0.32341
0.57062
1.12767
1.26111
0.88849
1.19428
0.93065
0.74059
1.45400
1.54909
0.67638
1.67754
1.34583
1.35999
1.09204
1.59018
1.39227
1.07152
0.95011
0.45561
1.59776
1.03372
1.12068
1.05406
1.38836
1.34395
1.53333
0.66556
1.26487
1.82698
0.55743
0.82287
0.89782
0.66498
0.39007
1.58088
0.62267
1.41898
1.43334
0.75184
0.37178
1.52637
0.93229
0.48793
1.77129
1.72254
0.77803
0.64732
1.67363
0.60532
0.26024
1.05342
1.21021
1.72205
1.89349
0.55557
0.81814
1.08979
1.48881
0.54786
1.20512
0.83793
1.65656
0.60823
1.17012
1.47445
1.08533
1.61279
0.95366
1.17574
1.28552
1.70254
1.08112
0.89306
1.39947
1.24550
1.45669
0.85237
0.81784
0.17159
0.92791
0.53497
0.88296
1.03181
1.48944
1.38761
0.62817
0.94851
1.02918
1.18574
1.54291
1.28662
0.96658
1.45531
0.48073
1.80586
0.66064
1.04623
0.97370
0.65847
1.62067
0.38611
0.49940
1.43902
1.16084
1.44315
1.59746
1.49961
1.61861
0.59050
0.95296
0.85096
0.46344
1.36946
1.19229
0.23467
1.17337
1.53050
0.68341
1.46601
0.94602
1.33933
1.68015
0.66939
1.28433
0.91465
1.17770
1.67195
0.68343
1.28640
0.79180
1.21079
1.37516
1.41752
1.34872
1.33814
0.58359
1.34202
1.73711
0.52420
1.13048
0.58680
0.86062
0.97942
1.13311
0.81639
1.11561
0.89168
0.69529
0.68462
1.05362
1.02775
1.01184
1.71780
0.24405
0.59040
1.10207
1.17625
0.88437
0.68896
1.75994
0.89614
1.87822
1.31499
1.51213
1.09612
1.28224
1.31645
1.35871
1.26823
0.88025
0.58818
0.86976
0.90933
0.21207
1.29571
1.42326
1.65383
1.47946
0.88645
1.13253
1.03741
1.39017
1.13796
0.14918
1.21736
0.55266
1.06593
0.44793
0.36072
0.92147
0.57350
0.69338
1.00308
0.91070
1.52898
1.12718
0.48405
0.97882
1.27117
1.26824
0.56306
0.35738
1.36255
0.84308
1.58319
1.60681
1.36089
1.28724
1.69912
1.50771
1.36169
1.01738
1.02279
0.64473
1.17700
0.86269
1.19562
1.09279
1.85027
1.00066
1.05723
0.97953
1.81593
1.05409
0.72700
0.61127
1.51666
1.89192
1.38899
1.22110
0.37815
1.50521
0.92069
1.90057
0.91065
1.01958
0.54325
1.50237
0.90246
1.20403
0.49789
1.54532
0.65125
1.06557
1.84128
0.59318
1.74794
0.34168
0.94097
1.09749
1.85791
1.02063
0.78790
0.97190
0.80525
1.73101
0.80345
1.00028
1.51097
0.47373
0.78944
1.41705
0.87959
1.42862
1.18669
0.62551
0.60993
0.56954
1.32457
1.26547
1.08112
1.35260
1.62403
0.63695
1.45020
1.52866
1.44268
1.54910
0.35582
0.79813
1.26465
1.27988
1.77969
0.94377
1.63820
0.27349
0.95457
1.34248
0.63804
0.81648
0.89543
0.83558
1.59431
0.78394
0.84155
1.81144
0.74877
1.18330
0.68617
1.36802
1.37351
1.51551
1.30816
0.49143
0.82781
1.05800
0.94167
0.07276
1.10679
0.43962
0.50944
1.19669
0.40624
1.70207
1.62081
0.77295
1.55075
1.44785
1.34614
0.84331
1.13885
0.80379
1.03665
0.73027
1.21438
1.35740
1.39742
0.73854
0.84097
1.30129
0.98177
0.87926
1.00734
0.98333
1.52807
1.87925
0.45755
1.58649
0.98052
1.14105
1.09390
1.60112
0.72257
0.97598
1.19362
0.65713
1.32292
1.03889
0.65208
1.51058
1.17278
0.84759
1.81559
1.14147
1.35576
1.96716
0.56735
1.34018
1.04017
1.69586
1.56196
1.91527
1.02856
1.01846
1.04873
1.55012
1.13309
1.28518
1.53040
0.78661
0.85453
1.25206
1.53808
1.67472
1.07857
0.35731
1.39408
1.10027
1.39448
1.73958
1.25965
1.28123
1.51367
1.09364
0.76409
1.27454
1.22686
1.40782
0.70245
1.01531
0.63307
0.98211
0.97019
1.15879
1.55305
1.31178
1.34073
1.34831
1.21733
0.39979
0.79194
0.53934
1.33168
1.43076
0.77546
0.80597
0.64064
1.62500
1.56822
1.16587
0.98680
0.80821
1.04066
0.93151
0.33969
1.07463
1.43703
1.45185
1.36076
0.41785
0.52581
1.50459
1.25248
1.51820
0.87427
0.94504
0.62930
0.79644
0.46055
0.80429
1.47316
1.88497
0.64942
1.71795
1.13273
0.12091
1.50523
1.59931
1.00416
1.01023
1.33787
0.61828
0.08492
1.28024
1.26435
1.12294
0.79601
0.84592
0.94270
1.49471
1.59997
0.82133
0.14598
0.64217
1.12015
1.17966
1.10927
1.16940
1.59579
1.50840
0.64318
1.41042
1.09401
1.50164
0.40565
0.31153
0.62274
1.19185
1.08233
1.81609
0.88800
1.44100
1.26318
1.13561
0.87503
0.73607
0.99244
0.75205
1.75628
1.15968
0.76301
0.45248
1.24003
0.56807
1.17542
1.19681
0.77018
0.99184
1.45115
0.92003
0.81260
1.33573
1.28795
1.37938
0.53662
0.84153
1.18552
1.55587
1.75055
1.43688
1.21960
1.07416
1.42376
0.82315
1.50230
1.56747
1.55777
1.46162
0.39280
1.03410
0.38744
1.68515
1.49250
1.23012
1.08581
0.98692
0.93627
1.30020
1.42204
0.84228
1.82185
0.56401
0.99818
0.39385
0.87925
1.69312
0.62393
0.54539
1.17444
1.35482
1.17367
1.46806
1.53538
1.76307
1.78889
1.41923
1.36132
1.48114
1.28022
0.54228
0.68653
1.06584
1.38939
1.19125
1.32831
1.65564
1.23676
0.60708
0.67567
0.60415
1.13826
0.93138
0.42828
1.10825
1.40991
0.51932
0.40345
0.56986
0.54859
1.39192
1.19441
0.93201
1.08729
1.01705
0.83878
0.97692
0.99082
0.57235
1.06878
1.84439
1.03768
1.46468
0.72366
0.56837
1.17812
1.47178
1.06837
1.24112
1.57450
0.61537
0.69928
1.31044
1.07540
1.54377
0.59158
0.90731
0.98061
0.56290
1.04793
0.76331
1.28406
1.40017
0.63541
0.80606
1.03609
1.37449
1.91555
1.18485
1.28391
1.61941
1.70414
1.67478
0.87993
0.94893
1.13976
1.28656
1.25982
1.49458
1.25886
1.36925
1.53262
1.54034
1.27727
1.28320
1.46159
0.86176
0.44805
1.18853
0.79763
0.61639
0.98560
1.53197
1.17172
1.07927
0.95780
0.96710
1.52610
1.11809
1.05875
1.12012
1.70323
0.97189
0.94635
0.34600
1.24682
0.81429
0.61918
1.38890
1.17490
1.06839
0.72986
1.04647
0.84036
0.73714
0.93315
0.64629
1.28762
1.32530
0.87345
1.27752
1.39636
0.89592
0.86671
0.31182
1.44735
0.88786
1.54230
1.48687
1.03665
1.09471
1.41496
1.37490
1.32034
1.56096
1.57061
0.47832
1.03347
0.64013
1.08719
0.89606
0.85042
1.48830
1.64699
1.36724
0.93045
0.77035
0.53792
0.56649
0.84532
1.42335
0.66216
1.63716
0.80257
1.03987
1.13371
1.69341
0.90385
1.01468
1.01852
0.73779
1.26385
1.41419
1.68645
1.62260
1.08293
1.03087
0.96702
0.58946
1.73945
0.99678
1.47801
1.55103
0.81558
1.16970
0.80190
1.16183
0.96485
0.90379
0.81794
0.63873
0.82214
0.68263
0.75922
0.40012
1.76212
1.57729
1.13922
0.90175
1.05550
1.38934
1.56492
1.75048
1.02743
0.83546
1.21836
1.10590
1.55429
1.13788
1.23037
0.63198
1.07035
0.23835
1.67888
1.63805
0.61350
0.65421
1.10838
1.78852
1.52228
0.77675
0.87926
1.02328
1.24536
0.84914
1.35249
1.78421
0.38597
0.52036
1.39457
0.88243
0.43454
0.80931
1.02984
1.25080
1.66518
0.98222
0.67275
0.67510
1.52107
0.38368
1.13549
1.66347
1.47834
0.97762
0.52236
0.85586
1.58435
0.45681
0.73489
0.93434
0.65869
0.66756
1.94181
1.70568
1.00714
0.66244
1.38190
0.89822
0.92636
1.22655
0.79180
0.38287
1.44244
1.55763
0.31550
0.40198
0.73791
1.45642
1.08333
0.41214
0.70047
1.47257
0.78986
1.63694
1.84286
1.42807
1.66070
0.92413
1.41207
0.06662
1.84259
0.81497
0.88846
0.31102
0.85749
0.79312
0.23651
1.78397
1.71914
1.43904
0.47468
0.85386
0.76361
1.16580
0.91818
1.86023
0.58212
1.66370
0.87466
1.02885
0.85454
1.24532
0.38461
0.96481
1.83150
1.29115
0.92777
1.39561
1.41261
1.68643
1.18652
0.65188
1.60425
1.20969
0.55843
0.58307
1.56793
0.81713
1.38846
0.46686
1.04754
1.40065
1.24646
1.06483
1.12611
0.31138
1.11380
1.74600
1.60870
0.58329
1.39676
0.47682
1.04389
0.66633
0.46663
1.40090
0.98146
1.45516
0.80330
0.99460
0.94508
0.60927
1.68620
1.45247
1.56804
0.60777
1.35627
0.78691
1.33187
0.89907
0.96296
1.24218
1.03436
0.15018
1.64096
1.09965
0.25194
1.49783
1.43179
1.14626
1.45558
1.22738
1.39922
0.42405
0.47264
0.38160
1.57094
1.21650
1.18538
0.64123
0.58871
1.74419
1.04318
0.63212
1.44983
0.99032
0.88855
1.59688
1.48897
1.08960
1.53170
1.06395
1.88609
1.79117
0.35082
1.05771
1.17728
1.14192
0.80306
1.41129
1.46226
1.27343
0.53510
1.09984
1.61334
1.31227
1.05261
0.29352
1.32259
1.46400
0.95718
0.65906
1.17196
1.22598
0.59497
0.73958
0.93569
0.46038
1.53589
1.47790
1.11041
1.92837
1.60610
1.69566
1.59701
0.96591
1.18474
1.08018
0.61387
0.49422
0.92322
0.38682
1.18692
1.20120
1.33910
0.89889
1.05244
1.03119
0.92375
0.85465
1.56982
1.60983
1.07319
0.75171
1.72778
1.05843
1.17679
1.10656
0.72478
1.25006
1.71268
1.57979
1.02736
1.21380
1.46712
0.96732
1.13277
1.59319
1.27781
0.36892
1.32088
1.07099
0.49035
1.11704
0.62616
1.48311
1.65807
0.53672
1.58192
1.07801
0.92156
0.66901
1.49032
1.53538
0.33486
0.96828
0.71002
0.14682
1.45549
1.18923
1.68520
0.59600
0.51943
1.36033
0.58233
0.74548
0.41540
1.53319
0.42998
1.28752
1.52693
1.32152
1.20790
1.08162
1.36593
0.97544
1.44643
0.57419
1.14480
1.42470
1.78579
1.44032
1.22675
1.15187
0.87703
0.41443
0.71804
0.34438
1.15040
1.17068
0.62185
1.20442
1.39571
1.14788
1.61237
1.04690
1.08980
0.92774
1.10272
1.64410
0.61889
1.93388
1.30727
1.24427
1.42883
1.26615
1.18487
1.15050
1.40021
1.31618
1.53572
1.31979
1.38766
1.67374
0.95323
1.15385
0.30591
0.43622
0.73953
1.21153
1.10928
1.36875
1.04203
1.14534
1.50147
0.78832
0.87665
1.89403
1.47161
0.83416
0.78401
0.83935
1.22339
1.46685
1.20762
1.54032
0.35165
0.86370
1.17237
0.57657
0.79998
1.00462
1.04856
0.60118
1.19330
1.87807
0.86748
0.77828
1.52594
1.68294
1.03802
1.31719
1.02570
1.75655
1.75296
1.40162
0.37682
1.46654
0.98690
1.68640
1.52777
1.72803
1.19204
1.42777
1.16293
1.80309
1.12855
1.44884
0.49697
0.28877
0.79383
0.71572
1.58483
0.68327
1.25070
0.53150
0.73011
1.24294
0.62739
1.69114
0.43430
0.33866
1.95050
1.59117
0.29082
1.38304
1.57159
1.20199
0.78872
1.23713
0.60949
0.23787
1.40329
0.41210
1.21977
1.56132
1.63182
1.21190
0.86501
0.87959
0.98767
1.43569
0.77724
1.26839
0.55918
1.19264
0.46195
1.52249
1.31819
1.25405
0.88753
1.06433
1.04617
0.65968
1.16831
1.54760
1.43334
0.78538
1.77483
1.07747
1.09394
1.67962
0.86921
1.40778
0.94596
0.86189
1.50887
0.54573
1.08712
1.16716
0.73982
0.81051
0.77404
0.68086
1.32868
1.61284
1.00616
1.04219
1.04833
1.33617
0.82105
1.60187
0.57020
1.46620
0.89680
1.11657
1.49095
1.77104
0.57395
1.03093
0.68901
1.30218
0.81424
0.79276
1.39404
0.20032
0.88398
0.71260
0.93965
0.35202
0.42277
0.98272
0.56107
0.41023
1.48031
1.30877
0.36099
1.83245
1.45877
1.34419
1.20530
1.15878
1.18195
1.02150
1.89837
0.49305
1.48827
0.90012
0.66370
0.43997
1.63804
0.46700
1.72958
1.20455
0.81354
1.25813
1.13931
1.74207
0.84651
1.00570
0.99549
1.11340
1.18065
1.06334
1.43484
1.17300
0.91438
1.05623
0.31515
0.77274
1.94428
1.45515
0.94086
0.85445
0.63436
1.02685
1.21057
1.28264
0.84595
0.71247
1.79022
1.77062
1.34222
0.93054
1.76344
1.04658
1.60754
1.02882
0.72586
1.20237
1.82484
1.31592
0.74615
0.43677
0.67591
1.52396
1.18457
0.76783
1.83100
1.19686
0.82001
1.42902
0.81484
0.64759
1.92178
1.73760
1.41565
0.10004
1.49194
0.88093
1.28581
0.68335
1.03736
0.65070
0.69205
1.37348
0.78123
1.01189
0.52880
0.85388
1.11853
0.48150
1.23310
1.23833
0.98975
1.29440
0.54873
1.66263
1.74380
0.68859
0.80779
0.37225
1.23667
0.91395
0.93251
0.94576
0.74661
1.23924
0.39213
1.47401
1.50986
1.61269
0.96137
0.67604
1.68648
0.50388
0.55872
1.25123
0.28484
1.36367
0.99670
0.97858
0.95257
1.61302
1.43982
0.54306
1.31761
1.01519
1.13777
0.79843
1.64870
1.51881
1.66048
0.99312
1.18934
1.01415
1.11047
1.11582
0.72926
0.96004
0.81516
0.75613
0.82053
1.00851
1.43325
1.36589
0.90793
0.47815
1.22842
0.77928
1.68815
0.81523
1.59277
0.91773
0.34371
1.22185
0.49829
1.23207
1.44532
1.25626
0.67392
1.50194
1.84555
0.63048
1.48237
0.99056
1.48823
0.61628
0.35669
1.45958
0.54741
0.58603
1.00625
1.76088
1.35214
1.50604
1.17532
0.96281
0.81299
0.75086
0.17808
1.29641
0.17148
0.34118
1.53057
1.05010
0.45558
1.60294
1.51649
1.67993
1.05994
1.27509
0.77089
1.36519
1.56095
0.52981
1.32593
1.11190
0.41386
1.30060
0.61123
1.52859
0.72111
1.46219
1.43509
1.63484
1.38407
1.50416
1.10567
0.85525
0.80170
1.61177
0.40740
0.92784
0.67112
1.51838
1.00575
1.04554
1.15526
0.68164
1.09233
0.73338
0.60307
0.92911
0.65933
0.77206
1.44339
1.37523
1.34370
1.15433
0.51385
1.80071
1.41568
1.15691
0.61819
0.95326
1.59467
1.10570
1.69542
0.96875
1.53470
0.59366
1.19522
1.21256
0.95938
1.90349
1.16947
1.07621
0.94224
1.18373
1.27021
0.45942
1.62725
1.51454
1.11135
1.45947
0.46011
1.17110
1.69225
1.34816
1.23838
0.43375
1.08469
1.64963
1.01936
1.33992
1.27181
0.67074
0.78562
0.82627
0.70568
1.27227
1.04242
0.88898
1.65140
0.91081
1.42669
0.92403
1.60781
1.18058
0.42094
1.46778
1.25999
1.38919
1.25096
1.29601
0.55384
1.12517
0.86067
0.80488
0.65539
1.37907
0.90840
1.53902
0.40715
1.52404
0.42984
0.62122
1.34530
1.64615
1.03570
0.31293
1.38981
0.46064
0.47428
1.24780
1.99219
1.24718
0.81210
1.69078
1.55414
1.33427
0.65115
1.20931
1.59842
0.62721
1.31439
1.76228
0.80110
1.50042
1.07177
0.95536
0.81966
0.89803
0.14893
1.01148
1.22190
1.72633
1.08622
1.33990
1.52546
1.23048
1.64350
1.05014
0.77417
1.41973
1.50126
0.93963
0.51161
0.44503
1.33233
0.63229
0.99237
1.00794
1.50344
1.38021
1.05110
0.48611
1.54610
1.44936
0.62594
0.93165
0.97009
0.41187
0.71185
1.09727
0.72083
1.22412
0.73475
1.02040
1.10426
1.67977
1.76643
0.90771
1.66766
0.83391
1.51783
1.29090
0.96081
0.86019
1.38716
1.58173
0.87585
1.12944
0.85470
0.46214
1.03936
0.82291
1.65388
0.71038
0.86967
0.71566
0.77512
1.54469
1.94170
1.56877
1.22982
1.26436
1.49174
0.29596
1.27997
0.31122
0.99611
1.80953
1.30166
1.39675
0.42104
0.51803
1.63435
1.75884
0.79317
1.53380
1.72616
1.07364
0.68425
1.69585
0.35899
1.57231
0.68065
1.36887
1.66672
1.28811
0.84730
1.29777
1.63743
1.81515
0.49108
0.72142
1.13657
1.01246
1.45074
1.78181
0.98400
0.36750
1.90586
0.81992
0.60576
1.62026
1.86512
0.69794
1.07289
1.09012
1.39359
1.25824
0.56381
1.39424
1.12712
1.66669
1.10776
1.60042
0.44199
1.02253
1.21206
1.12343
1.86875
0.40779
0.72534
1.52074
1.10241
0.60784
1.06692
1.25956
0.45396
1.64383
0.84132
1.12864
0.84905
0.75715
1.38636
1.54542
1.54309
0.49811
0.68255
0.12047
0.79500
1.39141
0.46596
0.72974
0.49241
1.68990
0.87840
1.29210
0.56941
1.14336
1.12078
0.96016
1.63053
1.01057
1.33192
0.38729
0.74317
0.81454
0.47475
1.20181
1.78674
1.10104
1.35009
0.88395
1.70641
1.08458
0.95353
1.66507
0.89147
1.40882
0.11350
1.19856
1.07873
1.53040
1.02520
0.69917
1.01351
1.06683
1.75265
0.87581
0.95203
1.34471
1.26159
1.12760
1.24557
1.34989
1.13245
1.69171
1.20335
1.17438
0.73234
1.03626
0.99665
1.53617
1.80955
0.40238
1.07236
1.32774
0.85256
1.97219
0.83850
1.17593
1.05785
0.92283
1.25944
1.59159
1.26454
1.59894
1.71711
1.20323
0.39311
1.02536
1.21133
0.65398
0.88932
1.02788
1.14479
1.30770
0.79098
0.97306
1.32895
1.55105
1.58826
1.15029
1.07113
0.82779
0.71249
1.16611
0.46673
1.54393
0.58121
1.15012
0.53286
1.36558
1.74156
1.48494
1.20686
1.39293
1.38770
0.93195
0.84554
0.94866
1.61725
1.66437
0.73917
0.71144
0.62364
1.03278
1.46388
0.97853
1.75630
1.64793
0.78458
0.72668
1.10619
1.80348
1.45860
0.65615
1.65957
0.86638
1.44139
1.25484
1.57958
1.58044
1.47131
1.50604
1.30776
1.58371
0.64037
0.98974
0.98402
0.96429
1.33849
1.43347
1.18676
1.22486
0.54949
1.54360
0.57094
1.16650
1.35023
1.40892
1.52755
0.74404
1.10389
1.23499
1.57278
1.30450
0.72089
1.31943
1.10462
0.28679
0.46571
0.62648
1.26811
1.12084
1.82413
0.51183
1.41463
1.48624
0.14607
0.62753
0.93328
0.64444
1.05273
0.87074
0.41457
1.95019
1.03853
0.64118
0.48948
1.22395
0.07348
0.60970
0.28556
1.31473
1.08044
1.55440
1.07581
1.67229
1.38082
0.96239
1.09842
0.80072
1.40727
1.30450
0.62114
0.96866
1.41469
1.89945
1.24147
0.72674
1.70588
1.28568
1.55414
0.90155
0.57590
1.09127
1.27133
0.80570
0.90948
1.87828
1.02355
0.80138
1.70135
0.90258
0.91366
1.70916
0.40763
0.62151
0.48773
1.17621
1.65223
0.86305
0.80796
1.55330
0.92877
1.84939
0.80409
0.35312
1.47757
1.78929
1.47370
1.45160
0.33463
0.99317
1.25566
0.88644
1.22776
1.01619
0.73476
0.78495
0.58615
0.60998
0.70453
0.88914
1.55544
1.77323
1.33657
1.15354
0.40829
1.92174
0.83796
1.11845
0.69540
0.70383
0.71135
0.53617
1.87145
1.34703
1.35256
1.88649
1.06559
1.22360
0.97115
0.43813
1.09276
1.31328
0.62351
0.81755
0.80210
0.27105
1.14825
1.17652
1.32152
1.89860
0.99443
0.73595
1.65468
1.02082
0.92191
1.25619
0.85393
1.38486
1.57097
1.63638
0.53567
0.77740
0.63136
1.54624
1.31445
0.40604
0.33102
1.07905
0.99907
1.63391
1.34084
1.32201
0.69560
1.07051
0.73451
1.73391
0.56677
1.58938
1.27872
1.39369
1.22110
1.87537
0.40422
1.25525
0.87591
1.17278
1.34182
0.56179
0.34808
0.97705
1.40942
1.63560
0.69480
1.54478
0.34127
1.78604
1.58787
1.44455
1.40972
1.37907
1.41291
1.43705
0.73929
1.09295
1.79514
0.64683
1.20545
1.00667
0.75968
1.23931
0.69034
1.16043
1.01337
0.61562
0.86072
0.34244
1.56591
0.79572
1.72401
0.74202
0.71596
0.76435
0.81974
1.64886
1.69894
0.76707
0.87182
0.62469
1.40880
1.33997
1.00370
1.52813
1.51440
0.39217
0.40104
1.07040
1.21062
1.12644
1.10969
0.63863
1.40803
0.46878
1.36715
1.65469
0.97402
1.67085
0.86792
0.84283
0.35519
0.80279
0.63900
1.70355
0.17749
1.81261
1.13734
1.46690
0.66755
1.17693
1.14439
0.58061
1.32016
0.63891
0.94461
0.53718
0.81114
1.41976
1.65152
1.45387
0.78621
0.52134
1.30960
1.03770
0.72355
1.38446
0.31473
1.10127
1.15597
0.92791
1.53544
1.44352
0.73839
0.95374
0.62676
0.83175
1.11405
0.79299
1.58813
1.36781
0.82752
1.22861
0.56510
0.80967
1.30207
0.35413
1.56030
0.51262
0.25912
1.37102
0.42851
1.79192
1.62603
0.65359
1.73490
1.75533
0.91056
1.50414
1.11362
1.14143
0.35498
0.82571
0.72455
1.71203
0.69740
0.88184
1.14893
1.62101
0.97044
1.46473
1.11207
1.00574
1.08119
1.22710
0.66477
1.06160
0.62272
1.72830
0.75659
0.33102
0.82231
1.18327
1.05615
0.91612
1.46326
0.91763
1.20688
1.15023
1.19594
1.01706
1.49640
0.78120
1.36790
1.09462
1.36077
1.55096
1.50516
1.57678
1.13061
1.03119
1.55918
0.91368
1.10336
1.53214
1.57958
1.01804
1.52657
1.08713
0.95060
0.90324
0.39365
0.81958
1.00796
1.79098
1.45452
0.43792
0.69591
1.15354
0.25114
1.25628
0.34327
1.04893
1.70412
0.83313
1.42263
1.58301
1.32109
0.49408
1.24369
1.18423
1.00354
1.15560
0.89499
1.03111
0.78722
1.56302
0.60387
1.35825
1.29152
1.11802
1.07223
1.05138
1.46059
1.07048
1.61865
1.49606
1.97299
1.10673
1.37167
0.91696
1.54355
1.53134
0.67554
1.22901
0.52993
0.51311
1.10121
1.54554
0.90618
1.16461
0.90885
0.98677
1.30934
0.97573
0.84945
0.94418
0.93632
1.07049
0.52984
0.75663
0.84339
1.35482
1.29412
0.86127
1.06162
0.55106
0.75579
1.36478
1.51068
1.20643
1.35018
0.38639
1.44269
1.27792
1.02289
1.56980
1.27304
1.10559
0.70890
0.52469
0.45624
0.72382
1.05758
1.04502
1.03121
1.20510
1.04486
0.90284
0.41853
1.40279
0.95880
0.92777
0.74015
0.97849
1.50291
0.95631
0.37104
0.95281
0.95001
0.81632
0.67288
1.29992
1.08029
0.30856
1.13401
0.76231
1.05579
1.85455
1.00341
1.63389
0.71460
1.37691
0.86077
0.28402
1.88296
0.72380
1.71406
0.55994
1.33633
0.81924
1.47833
0.70839
0.91416
1.47603
1.70488
0.24694
1.00823
1.20387
0.64313
0.83288
0.94244
1.41966
1.50257
0.98656
0.74143
1.31430
0.73917
0.14251
1.17089
0.36529
1.27810
1.01271
1.43248
0.53149
1.44241
0.95042
0.29051
1.04762
1.18867
0.99718
0.67614
1.05702
1.69872
0.67069
0.63617
1.61014
1.12224
1.83228
1.03438
0.46021
0.76281
1.04829
0.31728
1.13058
1.14152
1.24603
0.50939
0.99149
1.25368
1.39993
1.24887
1.28335
1.42703
0.41265
0.75743
1.14173
0.69205
0.82736
1.65908
0.91963
0.42846
1.63879
0.96005
1.19141
1.66940
1.16080
0.33759
0.66845
0.43723
1.69016
1.01716
0.88821
1.84850
1.04580
1.34473
1.51071
0.58877
1.39233
0.49003
0.74439
0.60560
1.61983
1.32202
0.43105
1.05737
0.90184
0.72509
0.97284
1.35570
1.57599
1.51285
0.62111
0.64948
1.51157
0.95051
0.89129
0.94890
1.22675
1.27161
0.81497
0.78319
1.72427
1.41334
1.15845
1.46966
0.13463
0.89682
1.00486
0.56915
0.32581
1.34455
0.91161
1.80133
1.48685
1.30687
0.11652
0.35924
1.39457
0.19811
1.09813
1.02647
1.33687
1.39986
1.27893
1.17475
0.55393
1.74588
0.95855
1.28371
1.88443
0.89083
0.58816
0.73506
1.04662
0.34996
1.24331
1.31653
0.38029
0.43757
1.48267
0.78902
0.78755
1.55719
0.83956
1.66520
1.17499
1.29176
1.69381
1.27686
0.69657
0.30589
0.13307
1.87306
1.15968
1.17558
0.79371
1.27892
0.84208
1.58207
1.51926
1.54550
1.58122
1.77160
1.33771
1.34801
0.38738
0.91707
1.70686
1.12844
0.18463
1.12413
1.86971
1.06438
1.62625
1.86698
0.36065
1.52604
1.66828
1.08706
1.97339
1.29575
0.68661
0.91608
0.95936
0.81848
0.28415
1.86443
1.01181
1.38985
1.21743
1.42022
1.02024
1.13460
1.80051
1.31287
1.52566
0.37232
1.39473
0.44576
1.53030
1.71780
0.63101
1.26557
1.52796
0.75639
1.53051
1.81757
0.54814
1.19509
0.80777
1.19694
0.98444
0.77853
1.28703
1.15216
0.94108
1.07163
0.70749
0.61178
1.31342
1.72355
1.21826
1.59957
0.39228
0.82284
1.53599
1.11288
1.40891
0.70394
0.86502
0.86866
1.53996
1.10884
1.24574
0.98568
1.20364
1.05716
1.20608
0.82778
0.93698
0.75225
1.09666
1.23458
1.54729
1.20572
1.20137
1.37957
0.71692
0.41918
1.45372
1.08596
1.90578
1.27326
1.38704
1.06272
1.02206
1.27254
1.36006
1.24296
1.76788
1.42033
0.98686
1.83858
0.64807
1.50945
0.28944
1.52224
1.57678
1.20916
1.04155
0.98635
1.55865
1.09443
1.25882
0.94726
1.92622
1.22568
1.38716
0.79994
1.12067
1.00841
0.44128
1.05173
0.59699
1.20258
1.15204
1.66069
0.95508
1.08277
1.30229
1.52048
0.52992
1.08388
1.27357
1.47883
1.49813
1.32147
0.74467
1.28875
0.65732
1.07557
1.21628
0.55862
0.86068
1.19524
0.67891
0.73782
0.61723
1.00955
1.67760
1.46152
1.01267
1.55118
1.69240
1.29622
0.61015
0.31943
0.81964
1.63991
1.58616
1.86178
0.95852
1.29429
1.71763
0.48515
1.31607
0.45365
1.73806
1.11693
0.79535
1.90631
0.98691
0.93655
1.08421
0.89346
1.27966
0.36802
0.71977
1.50158
1.69568
1.66997
0.19405
0.32221
1.45109
1.11466
1.51002
0.54362
1.74443
1.23096
1.10541
0.83906
0.74602
1.44544
1.86230
0.71788
0.16808
0.27881
1.04146
0.96841
1.57849
1.52703
0.71032
1.32697
1.71875
1.58999
0.41513
0.29681
1.00431
0.64939
1.61561
0.43958
0.79759
0.63581
0.79068
1.40065
0.60564
1.70591
0.64181
1.28892
0.91537
1.10004
0.75118
1.62580
1.94760
1.30672
0.61703
0.44954
1.22919
0.93747
1.10169
1.39861
1.71348
1.63263
0.83783
0.58112
1.58870
0.74789
1.31014
1.24559
1.02520
1.14290
1.31621
1.42434
1.71187
1.66099
0.49866
0.47921
1.04416
0.30559
0.90218
0.59062
1.10063
1.63789
0.34899
0.90650
1.28566
1.92125
1.43028
0.44994
0.80713
1.26672
0.98929
1.40212
1.84203
1.25470
0.65039
1.43651
1.57317
0.51891
1.16522
0.72279
1.33391
1.14733
0.75927
0.41059
1.17557
1.58706
1.73749
1.08873
1.50847
0.55814
0.79156
1.59657
0.73396
0.77442
0.96367
1.28172
1.25606
1.68647
1.38020
1.39740
1.04561
0.91357
1.38159
1.21288
1.59647
0.99611
1.39868
1.32082
1.59817
1.75067
0.77442
1.62165
1.38499
1.36745
0.76480
0.80123
1.20337
0.34127
1.53851
0.53075
1.56473
1.35279
1.09173
1.05658
1.14751
1.74265
1.29399
1.34650
0.80066
1.25214
1.76774
0.28804
1.03652
0.61087
0.54013
1.26102
1.31951
1.06608
1.18790
0.97593
1.06355
1.67446
1.73736
1.34300
0.29467
0.52607
0.63253
1.22287
1.09572
1.37795
0.79717
0.66025
0.49618
0.93806
0.91416
1.32528
0.76139
1.35811
1.82752
0.99049
1.17559
0.58807
0.35120
0.99950
1.72179
0.61847
0.98577
1.18406
1.43426
0.74181
0.82798
0.79499
1.39109
1.02772
1.15799
0.94568
0.98815
1.04181
0.72837
0.25693
0.75180
0.56729
0.86327
1.64011
0.90854
0.94294
1.37373
1.22375
1.57445
0.80084
0.47009
1.71520
1.90747
1.21713
1.08839
0.74212
1.22378
0.73300
0.28428
0.69228
1.28982
1.00719
1.79223
1.04537
1.40298
1.60136
1.33668
0.29874
1.25810
0.88425
1.32825
1.31775
1.35976
1.24908
0.36202
0.76040
0.83095
1.28526
1.60144
1.18073
1.24491
0.86448
0.86716
1.48244
0.44065
1.24110
1.62545
0.68487
1.88073
1.92907
1.37716
1.12065
0.98020
1.29247
1.11118
1.53026
1.36845
1.15765
1.58579
1.64429
0.67800
1.29505
0.73836
1.29534
0.72746
1.28248
1.68696
1.41275
1.24646
0.77014
1.54163
0.70952
0.84539
1.72401
1.38449
0.72076
0.61585
0.73209
1.55558
1.21542
0.27795
0.60017
1.15202
1.02446
0.74342
1.03224
0.30461
1.18726
0.66063
1.68407
0.81604
1.19144
0.86229
1.19473
1.67089
0.94374
1.36238
1.28772
0.40262
0.86949
1.14240
0.44518
1.06039
0.66217
0.28545
1.34912
1.45084
1.26939
0.97761
1.81970
1.85665
0.61284
1.09737
1.02071
1.47995
0.21443
0.38615
0.43649
0.83453
1.43175
0.36697
0.53125
1.37364
0.62828
0.68981
1.46618
1.15777
1.91305
1.05417
1.28481
1.07568
0.05864
1.13066
1.44950
1.14795
1.32719
1.45547
0.66901
1.14341
1.06554
1.11817
0.64205
1.09247
0.86511
1.62594
0.53050
1.14743
1.66132
1.13648
1.19059
1.08766
0.87108
0.12974
1.07334
0.86829
1.71603
1.12802
0.55893
1.25565
0.19898
1.83476
1.48301
1.02114
1.08007
0.78589
1.80169
0.92849
1.43999
1.43450
0.59907
1.80896
1.36512
1.09071
1.08360
1.39659
0.79779
1.54692
1.07285
1.24591
1.75901
0.73721
1.22650
1.82776
1.47609
1.22446
1.22677
0.49804
0.47944
1.75870
1.54870
1.03507
1.52903
1.36801
0.81596
0.81462
0.66201
0.43031
0.89501
1.59571
1.74585
1.24389
1.27097
0.78024
1.25657
0.46894
1.52980
1.12538
1.47127
0.67342
1.77571
0.47370
0.93989
1.20457
1.81511
1.02086
1.16874
1.14845
0.55712
0.93056
0.77750
0.52306
0.08452
1.15487
0.89491
0.71301
1.39375
0.48907
0.84584
1.32046
1.00135
1.51869
1.82760
1.15759
0.82134
0.62366
1.41485
1.58894
1.20153
1.73664
0.55207
0.42959
1.78878
0.94797
1.27739
0.49216
1.07961
0.93446
0.90985
1.18079
1.70589
1.41685
1.05368
1.39234
0.52377
1.40766
0.25759
1.61945
1.70992
1.05323
1.21364
0.47914
0.71453
0.86827
0.54889
0.98929
0.33410
1.37372
1.29009
0.20709
0.99952
0.82865
1.57401
0.76911
1.63359
1.76125
1.57047
1.55194
0.72466
1.40101
1.34881
0.77468
1.74014
1.75266
1.55029
1.01380
1.45817
1.60810
1.61988
1.06482
0.86926
1.12380
0.92929
0.88809
1.27629
1.15565
1.51584
0.32520
0.75653
0.81941
0.43538
1.26439
0.70393
0.39299
0.80565
1.19832
1.57756
1.79607
1.13340
1.85968
1.21798
1.52968
1.76395
1.48817
1.51296
0.55053
1.50813
1.04779
1.18192
0.81636
0.93654
0.94084
1.12518
1.13865
1.08426
0.78048
1.69526
0.67637
0.27479
1.69491
1.73579
0.69143
1.54791
1.13624
1.79311
0.66956
1.11029
0.72960
0.21388
1.16613
0.48538
1.41652
0.82881
0.96659
0.69638
0.83792
1.24954
1.69460
1.37919
0.41173
0.64172
0.78147
1.37440
0.98010
1.35885
0.11679
0.79035
0.75346
1.27647
1.36542
1.08914
1.15844
1.60075
1.18671
0.92410
0.60565
1.48023
0.67650
0.81026
0.87820
0.56880
1.74166
0.88675
1.13575
0.86214
0.40315
0.80079
0.71030
0.91578
0.99723
1.34177
0.88672
0.85185
0.90299
0.97480
0.55952
0.72078
0.57045
1.82091
1.18227
0.64719
0.80067
1.45022
1.13061
1.25769
1.27373
0.95421
1.67940
1.17847
1.06667
0.62386
1.37958
0.91186
1.04467
1.57922
0.96360
1.43920
1.62094
1.40947
0.68154
1.54866
1.31655
1.38976
1.81379
0.87879
0.49301
0.70578
1.24678
1.26461
1.52882
1.08298
1.59792
0.86990
0.89253
0.67503
0.89861
1.69334
1.03861
0.94405
1.34915
0.05998
0.70909
0.50410
0.75312
0.87243
0.54488
1.26465
1.43532
0.48817
1.58888
1.27942
1.39548
1.18214
0.76655
1.24981
0.26834
0.73074
1.66097
1.07076
1.74201
0.90548
1.15522
1.58409
0.72094
1.29928
1.10421
1.68461
1.44501
0.89163
1.39877
0.61805
1.09767
0.97216
0.84434
0.50800
1.10160
1.17578
1.20101
0.72129
0.64519
0.87244
0.90834
1.13120
1.33670
1.90353
1.18586
0.78798
1.77833
1.30933
1.38992
1.80661
1.09473
1.19220
0.64216
1.26858
1.29897
1.81460
1.35991
1.15781
0.59285
0.79937
1.04415
0.82313
1.05175
0.77872
1.31243
0.70501
1.57660
1.39756
1.76371
1.08170
0.72471
1.55177
1.65439
1.52009
0.94273
0.72222
1.17235
0.93127
0.88760
0.71971
1.76283
1.29524
1.29171
1.50304
1.47177
1.80346
0.89057
1.02095
0.29109
1.42226
0.20182
1.34162
1.13284
1.40767
1.36549
1.78227
0.88556
1.07968
1.18489
0.65787
1.25345
1.33371
0.87505
1.06520
0.91337
1.74348
0.99888
1.32322
0.80619
0.90212
1.49249
1.75947
0.72089
0.79478
1.74745
0.38804
1.35278
0.84097
1.56683
1.13186
0.43906
0.49001
0.87203
0.65628
0.76334
0.49756
1.73634
1.11552
0.65209
1.03434
1.04246
0.92881
1.08310
0.98705
1.51549
1.54508
0.65827
1.29920
1.11749
1.05036
0.55369
0.86360
0.72136
0.59445
1.19087
1.13602
0.31802
1.62790
0.91772
1.82503
1.45888
1.43937
1.15761
1.32564
0.65906
0.41080
0.79928
0.88721
0.70262
1.38937
1.39842
1.00383
0.32061
0.75289
1.37147
1.28438
0.92650
1.10438
1.04052
1.00493
1.36444
0.24115
1.50656
0.78888
0.93529
0.46413
0.60010
0.86468
0.95301
0.81962
1.19663
1.11740
0.78814
1.35848
1.19512
0.89494
0.44687
1.01178
0.72114
1.14095
1.01118
1.15425
1.65855
1.39545
1.41704
1.03587
0.69005
0.94429
0.97614
0.68676
0.76098
1.29231
1.63809
0.78594
1.57186
1.55307
0.31839
0.72850
0.65849
1.19388
1.10977
1.09821
0.66183
1.68628
0.66801
0.44765
0.97621
0.95584
0.90349
0.92417
0.14932
1.88158
1.63170
0.84362
1.84388
1.36615
0.64487
0.51402
1.56468
1.41389
1.49856
1.83642
1.65330
1.24924
1.19232
1.29710
0.61786
0.98141
0.66623
0.57822
1.31463
1.81049
1.58658
0.50976
0.96156
1.08323
0.68624
1.57281
0.81133
1.23379
1.71052
0.50082
1.64701
0.80991
1.28114
1.03752
1.34576
1.13140
1.08441
0.52447
1.55622
1.44441
0.74340
1.86314
0.99899
1.46701
1.52307
0.69645
1.32085
1.83696
0.71381
1.30935
0.98203
1.63139
0.78312
0.99232
0.91953
0.55302
0.38637
1.59676
0.56560
0.40417
0.72058
1.19016
0.88009
1.44078
1.25549
0.62731
1.48874
1.66804
1.24192
0.98576
1.40317
1.26775
1.31619
0.68315
1.24781
0.50135
1.20470
0.69308
0.95311
1.41339
0.77005
1.55570
1.05189
0.82281
0.80417
1.26980
0.59923
1.29643
1.17604
1.15315
1.16149
1.41016
1.68301
1.07237
1.08124
1.57228
1.23319
1.50571
1.21221
1.20028
1.90582
1.20340
0.91515
0.61597
1.68237
0.40091
0.53142
1.32317
1.78655
0.69494
1.69845
1.31532
1.09125
1.68763
1.17704
0.64618
1.51808
1.17618
1.55802
1.18913
0.41920
0.97368
0.40912
1.65541
1.21970
0.87648
0.92635
0.96616
0.72142
1.33644
1.31140
0.94893
0.95391
1.82280
0.50156
1.14935
0.61253
1.98385
0.63284
0.95364
1.08106
0.69894
0.80422
0.97690
1.10006
0.43838
1.12817
0.79169
0.67661
1.37854
1.08991
1.07902
1.54881
1.59428
1.43386
1.20465
0.53389
1.51584
0.40394
1.48923
0.67036
0.88987
1.45116
0.54828
1.38691
0.51535
1.61963
0.95275
1.38084
0.65484
0.52663
1.43322
1.14536
1.82144
0.90172
1.13355
1.35742
0.81959
0.76998
1.45636
1.23553
0.60678
1.33479
1.39505
1.44169
0.84874
0.91506
0.63130
1.61632
1.82564
1.63102
0.90272
0.79827
1.24463
0.48988
0.75813
0.89940
0.79356
1.41308
1.56359
1.70607
1.23509
1.39117
0.54810
0.61523
1.34298
1.04074
0.53607
0.51668
1.51123
0.78921
1.53013
1.11984
1.64391
0.93185
0.80600
1.73159
1.39070
1.41722
0.51984
0.93505
1.38904
0.62852
1.30145
1.74977
0.21411
1.23893
0.33431
0.65118
1.07178
0.91406
0.57188
0.57767
1.56364
1.54874
1.40037
0.98712
0.81946
0.49619
1.06925
0.62429
0.47113
1.15844
1.17577
1.29956
1.08843
1.15010
0.54220
0.40416
1.14319
1.00785
0.83127
1.45075
1.53865
0.69991
1.46905
0.78904
1.00247
1.41857
0.75051
1.47477
0.40577
1.70892
0.57472
1.75265
0.71801
0.93767
1.50841
0.90258
1.21042
0.57136
0.72753
1.60642
1.32027
0.23876
0.70691
0.22153
1.12423
0.94255
1.30407
1.19761
0.54989
1.02314
1.67937
1.52591
0.47510
1.52204
1.32401
1.71057
0.95629
1.11058
0.78349
1.63836
0.97475
1.16390
1.52806
0.87067
1.42651
0.54047
1.27901
0.63776
1.29197
0.78561
1.64284
1.93527
0.98795
1.39583
1.50379
1.82617
0.82647
0.63804
0.49950
1.13563
0.61620
0.82385
0.97268
0.16042
0.81061
1.36260
1.45211
1.67686
0.69311
0.44539
1.11294
1.28219
0.86678
0.66625
0.79182
1.08712
1.57301
1.32395
1.47869
1.39593
1.29518
1.38139
1.28615
0.68180
1.00060
1.63885
1.21578
0.75422
1.33585
1.55507
0.42065
0.69134
0.49845
1.64626
1.59389
1.39364
1.02111
1.60447
1.71489
1.64186
1.49418
1.45684
1.37356
1.38357
1.40271
0.95341
1.34303
0.84800
1.56018
0.48789
0.74772
1.27609
1.09074
1.69780
1.25778
1.41694
1.18741
1.21227
1.30858
0.90172
1.20503
1.18601
1.34531
0.36363
1.20061
0.55164
1.60319
0.93257
0.34167
0.92038
0.63140
1.46223
0.81893
1.31379
0.37826
0.81380
0.90893
1.36377
0.45266
0.61057
0.58854
0.96970
0.50516
1.13089
0.83089
0.50336
0.70231
1.47134
1.42803
0.70310
0.78750
1.75966
1.16543
0.97689
0.62769
1.49300
0.42092
0.82185
0.75348
1.41706
0.73770
1.76288
1.65111
1.15899
1.05955
1.77450
0.53707
0.35864
0.61777
1.48062
0.88428
0.71902
1.09947
0.28539
0.97457
0.96862
1.24668
0.95823
0.66804
0.71006
1.54285
1.52149
1.24164
1.22721
1.33604
1.59639
0.68137
1.90463
1.04416
1.48465
1.75107
0.57100
0.75198
0.58883
0.32639
0.52832
1.44972
0.54022
1.08427
0.49190
0.91745
1.53081
1.15999
1.19435
0.91015
1.31606
0.55586
0.76813
0.33258
0.77655
0.51836
0.84242
0.95405
0.66479
0.66517
0.60546
0.91481
0.98571
1.12131
1.42762
1.34920
1.65521
1.40687
1.02646
0.82327
1.48389
1.47299
1.17233
1.09111
1.03685
1.09384
0.83449
0.93537
1.40818
1.07085
1.41658
0.96180
1.44572
0.67526
0.69181
0.85920
0.87931
1.46181
1.28733
0.94050
0.91164
0.64418
0.54120
0.46705
0.83651
1.03542
1.23568
0.62256
1.52005
0.45678
0.98905
0.98625
1.21503
1.22213
1.05984
0.66055
1.12013
0.92277
1.41983
1.14181
1.66265
1.00948
1.41215
0.86925
0.96089
0.69276
0.60057
0.49365
0.43011
1.02745
0.89926
1.10432
0.86156
1.84662
1.67185
0.72063
0.40207
1.18765
1.57446
1.68433
0.53740
0.62988
0.79049
1.19185
1.09056
1.01440
1.36366
1.68159
0.44184
1.21191
1.07581
1.26846
1.07126
1.76893
1.64968
1.20252
0.75443
0.85331
1.47945
0.96941
0.53317
1.87363
1.63209
1.59630
0.91410
1.71483
1.08524
0.52811
0.87529
0.76248
1.55714
1.38235
0.68855
1.56676
1.66275
1.10638
1.38229
1.61044
1.15555
0.54117
1.27198
0.57112
0.72212
0.91443
0.79292
0.29732
0.64522
1.00843
1.80639
0.47852
0.42748
1.40775
1.48866
0.88774
0.76521
1.20027
0.62111
1.23771
1.14097
0.42945
0.67389
0.57626
1.42132
0.92122
1.39046
0.73565
0.30930
1.43652
1.18561
0.41225
1.38471
0.91126
0.83362
0.90984
0.72007
1.35221
0.92285
0.76573
1.60581
1.01696
1.17373
1.47161
0.54645
1.04889
0.41215
1.03359
0.86909
1.17316
1.01348
0.50878
1.81136
1.23084
0.29081
0.78303
1.40943
0.76263
0.46034
0.64450
0.54125
0.51895
0.88154
0.58074
0.98838
0.50155
1.02887
1.26475
1.44696
0.35900
0.15267
1.47797
0.96485
1.68513
1.49301
1.59160
1.72352
1.73911
1.44875
1.17713
0.95241
1.35011
1.53524
1.28957
1.81347
1.38543
1.72981
1.12230
1.26864
1.34290
1.79275
0.57096
1.13568
1.11568
0.60710
0.98214
0.62365
0.65878
1.10680
1.19159
0.87326
1.21565
0.64629
0.30406
0.42429
1.12001
1.20997
0.41005
0.19135
1.56490
1.33036
0.86127
1.55047
1.06462
1.39181
1.10672
1.40041
1.57879
1.13165
1.65064
0.68209
1.59479
0.13647
1.26768
0.94778
1.71853
0.50111
0.76078
0.84909
0.81227
0.68011
1.14091
1.53220
0.89496
1.40259
1.81978
1.50344
1.48569
0.39707
0.35560
0.80593
1.77955
0.95861
1.83878
0.70716
0.99734
1.43396
0.97924
0.94254
0.58701
1.02845
1.15938
1.19549
1.00317
1.27724
0.52205
0.90550
1.45455
1.29894
1.39436
0.91918
1.37642
0.84326
0.86041
0.80407
1.14388
1.14861
0.65232
0.59077
1.61960
0.63615
1.51426
0.52579
1.69245
0.69669
1.21967
1.03267
0.70093
0.22668
0.19714
1.25759
0.99714
1.43971
0.52298
1.00731
0.79807
1.14620
1.09859
1.67000
1.31036
1.46866
1.72742
1.34323
1.50549
0.66959
0.98998
0.77698
0.33769
1.30605
1.32115
1.03375
0.33566
0.97330
1.06796
1.03674
0.68056
0.83949
1.44100
1.30150
0.52941
0.85417
0.47808
0.40599
1.62665
1.21532
0.80446
0.20239
0.80576
0.83437
1.67414
1.86166
1.41264
1.27439
1.30944
1.34520
0.16840
1.16295
1.20406
1.35703
1.77441
0.43019
1.43076
1.26040
1.49708
1.37833
1.51775
1.17270
1.45895
1.03271
0.79427
1.27837
0.78122
0.91186
1.16611
1.56434
1.35582
0.58972
1.28182
0.76308
1.19642
1.46059
0.95312
1.24761
1.80627
1.47509
1.50046
0.76576
0.82155
0.77201
1.24301
0.67791
1.73369
0.82488
0.48442
0.67640
1.52836
1.73557
0.56222
0.78621
1.22168
1.59599
1.17396
1.32167
0.85870
1.08835
1.37186
0.91535
1.24025
0.79565
1.51766
1.65640
1.05934
1.22963
1.58431
0.75602
0.91746
0.89025
1.45456
1.90639
0.96296
0.54908
0.92067
1.34267
0.90457
1.49651
1.18130
1.59921
0.54013
1.13390
0.82730
1.74515
0.29065
0.13486
1.02147
1.30400
1.20797
0.53647
1.02310
1.26702
1.07463
1.37878
0.83743
1.42306
0.50420
1.59318
0.88976
0.79567
0.84034
1.08334
1.76916
1.31495
1.15246
0.99883
1.44308
1.10552
0.93596
0.32067
0.55791
1.29222
1.44947
1.03587
1.41102
0.69617
0.98151
1.36402
0.65918
0.49754
0.70934
1.62625
0.52835
0.21360
0.93062
1.38016
0.75487
0.89824
0.52415
0.99469
0.69272
1.10862
0.98373
1.03223
0.10638
1.21890
1.20829
0.93080
0.68680
1.09471
1.63682
1.77638
1.15154
0.70170
1.51228
1.42560
0.82235
1.27781
1.30227
0.41372
1.65518
0.67837
1.54290
1.81410
1.11808
1.28385
0.78058
0.77014
0.65363
0.17260
0.75568
1.09409
1.86162
0.31609
1.33719
1.05179
1.06736
1.43779
1.35298
0.47201
1.20271
1.13205
1.57716
0.85088
0.86374
0.85161
1.28286
1.50166
1.30970
1.81168
0.58979
1.35463
0.82092
1.17548
0.59551
1.19913
0.67464
0.38604
1.60241
1.37635
1.54043
0.95515
0.58356
0.41762
1.07631
1.63766
1.45904
0.79627
1.77629
1.67599
1.63010
0.99036
1.64503
1.00015
1.11362
0.19401
1.23034
1.11459
1.43335
1.10694
1.53834
1.05087
1.17412
0.82384
1.44390
1.39451
1.07587
0.50260
1.35885
0.91665
0.60892
0.95026
1.12268
0.26956
1.31856
1.56106
0.96385
1.12306
1.11154
1.06636
0.75974
1.39244
1.17911
1.73166
0.68639
1.09224
1.01321
0.79545
1.36147
0.19642
1.90069
1.16788
0.54173
1.43963
1.77215
1.36880
0.46434
1.01832
1.45336
1.12854
1.39460
0.76194
1.21437
1.75237
0.50964
1.23733
1.69943
0.85183
1.22519
1.14723
1.03003
0.89512
1.17963
1.35279
0.64724
0.73883
0.66013
0.83324
1.26029
1.13061
1.49697
0.73446
1.43463
0.39819
1.55883
1.72186
0.44387
1.03988
0.98844
1.12774
0.81113
1.70631
0.33186
1.50196
0.93833
0.93520
0.30596
0.85399
1.14110
1.43334
1.53897
1.58183
1.03663
0.48816
1.08757
1.40996
0.83987
1.60084
1.02680
0.77344
0.72523
1.27199
1.16146
0.46034
1.81662
1.44270
0.84474
1.41704
1.37070
0.99800
0.76292
1.17759
1.21587
1.39180
1.54998
0.85069
0.60427
1.27925
1.05331
0.59654
0.62301
1.72333
1.06602
0.75362
0.71657
1.75859
0.80278
0.96104
1.33170
1.64589
1.69107
1.17983
1.06529
1.38874
1.32431
0.97195
0.41492
1.34808
0.76177
1.29297
1.34262
0.77842
1.00031
1.69979
1.44117
1.70365
1.39321
0.42013
0.76897
0.93733
0.87174
1.17871
0.95785
0.48430
0.79794
0.50978
1.67659
0.86474
1.14106
1.01784
0.55124
1.01427
0.55590
1.72527
1.21161
1.17015
1.66230
1.61439
1.02239
0.68104
1.67025
1.66481
1.23284
1.04263
0.64046
1.25394
1.12466
1.03653
0.80981
0.78609
0.18495
1.53064
1.49536
1.55872
1.90412
1.32321
0.60050
1.17017
0.38121
0.86056
1.16174
0.83824
0.49237
0.38063
1.04763
1.30027
0.09702
1.31078
1.12304
0.99780
0.93552
0.36612
1.30558
1.39740
1.85775
1.30567
1.39702
0.73706
1.00508
1.29193
1.63853
1.42934
0.68224
1.35495
0.74036
0.75493
1.78657
1.67255
1.88339
1.30431
0.91126
0.74442
1.27035
1.65590
1.51967
1.14463
1.33983
1.37213
0.72735
0.42831
1.66820
1.07559
0.64510
0.53901
1.50583
0.44601
1.06274
1.52043
1.19558
1.45118
0.27489
1.77739
1.20834
1.57036
1.59562
1.08691
1.27007
1.77408
1.36437
1.06238
1.15832
1.54063
1.54518
1.67453
1.10342
1.47860
1.36858
1.26057
0.57234
0.88279
0.21473
1.11053
1.18718
1.39183
0.98528
0.93816
0.50702
1.26181
0.70454
1.51084
1.14854
0.76129
0.61239
1.29780
1.86483
0.39379
0.67711
0.32306
0.77502
1.49137
1.29128
0.63739
1.06383
1.14047
0.60090
1.77513
0.93240
1.28891
1.19528
1.12862
1.05554
0.76727
0.76869
1.21004
0.68586
1.47380
0.92690
1.16157
1.15522
1.49488
0.83864
0.83085
0.69683
1.37954
1.38604
1.46384
1.31578
1.39856
0.82814
1.12465
0.34541
1.58243
0.63224
1.33892
0.78401
1.14450
1.41702
1.18007
1.64165
1.52049
1.11842
1.15913
1.26920
0.75288
0.89552
0.45858
0.37237
1.16357
1.20332
1.68893
0.73473
1.12512
1.85805
0.99461
1.09263
1.53080
0.70997
0.93847
0.71364
1.33456
1.56576
0.78636
0.80414
0.83493
1.24679
0.17811
1.00768
1.66577
0.89903
0.90398
0.93976
1.38538
0.60386
0.35722
0.37264
0.82330
1.81873
0.71216
0.96318
1.29044
1.28007
0.98175
1.65366
0.90833
1.26189
0.79034
0.72230
0.82675
1.22804
1.19517
1.35842
1.24629
1.07210
1.02681
0.76183
1.54023
1.04580
1.17951
0.73600
0.99402
1.77671
0.83582
0.99724
0.73048
0.81819
1.19160
1.29423
1.52563
1.56158
0.88841
0.95052
1.45428
1.22097
1.25629
0.68255
0.92997
0.57642
1.60618
0.76044
0.45453
1.24153
1.32481
0.75999
0.90158
1.67625
1.21576
1.67238
1.04326
0.66717
1.62089
0.46197
0.47410
0.12120
1.51831
0.61535
0.56479
0.76746
1.40054
0.13373
0.40115
1.10995
0.64766
1.17002
0.98822
1.87381
1.44431
1.00991
1.30851
0.68332
1.06865
0.68456
1.31308
1.85956
1.26951
0.91419
0.93619
0.97499
1.63491
1.45080
1.21146
0.69985
1.80787
0.67366
0.79640
0.27421
0.57324
1.36811
1.19218
1.13910
1.08345
0.55887
1.54254
1.28874
0.41896
1.42105
0.67173
0.92193
0.77284
1.06592
0.92101
0.23119
0.81162
0.38315
1.12672
0.66003
1.11529
0.69507
0.90675
0.85217
1.74996
0.63867
1.86394
1.59772
0.91502
0.28646
1.64106
0.71939
0.67165
0.81897
1.66278
1.84029
0.09453
1.42264
0.24006
1.16706
1.53101
1.33994
1.04298
0.98959
0.73535
1.13794
0.84463
0.43558
1.18439
1.20102
1.71883
0.80400
1.56718
1.58674
1.68579
1.03673
0.18862
0.80048
1.16879
1.07924
1.01588
1.68838
1.14902
0.87503
0.51196
1.25539
1.35206
0.52508
1.08358
0.84280
0.72617
1.56380
1.30584
1.84358
0.57579
1.58552
1.07920
1.70011
1.75868
1.69400
1.92126
1.14734
0.98230
1.20435
0.97404
0.79727
1.48421
0.99094
1.56053
0.81672
1.50979
0.82200
1.13143
0.89992
1.18536
1.55985
1.11149
1.58493
1.10093
1.05758
1.62831
1.87328
0.47011
0.98190
0.70806
0.92605
1.18994
0.63983
0.59837
0.90039
1.15077
1.29863
1.13445
0.86477
1.10214
0.74544
0.86011
0.72406
0.76629
0.82932
1.50901
1.47552
1.43874
1.22745
1.22387
0.96238
1.25461
0.96273
0.83399
0.41198
1.08753
0.79847
1.67598
1.06458
1.05458
0.67416
0.60094
1.07527
1.59377
0.36458
0.90287
1.17334
0.89941
0.40830
0.97757
1.46536
0.47167
1.01063
0.82895
0.90469
0.41132
1.04688
0.39519
0.72199
0.91625
1.43250
1.39228
0.81517
0.72393
1.63166
1.27525
1.39235
1.25921
0.97728
1.09740
0.79961
1.04494
1.14260
0.79416
1.25082
1.75421
1.44322
1.05940
0.98023
0.86964
1.15590
1.38043
1.82905
1.32580
0.64189
0.91932
0.15713
1.12739
1.18802
1.68397
0.35870
0.94877
0.87106
1.41242
0.93974
1.49279
1.06078
1.86904
1.11441
0.56883
0.56874
1.42347
1.39763
1.04262
1.12586
1.55846
0.26210
0.74174
1.31799
1.54065
1.29452
1.63534
1.31419
1.24884
1.83296
1.32854
0.69125
1.39619
1.16921
0.21926
1.12233
1.46400
1.16761
1.00541
1.35970
0.28560
0.48433
1.39033
1.00355
0.72537
1.12866
0.95332
1.33849
0.62636
1.14314
0.62770
1.12000
0.80374
0.87315
1.60012
0.46608
1.69186
1.87447
1.72842
1.53459
1.46948
1.46288
0.78441
1.05183
1.71359
0.65850
1.40013
0.64439
1.07682
0.93500
0.40015
1.26653
0.79974
1.44047
0.32609
1.16902
1.77920
1.89567
1.32270
0.91182
1.21184
1.59819
0.68935
1.23136
1.23125
0.70298
1.04484
1.04207
1.78379
0.75268
1.11207
1.41475
0.69189
0.54861
1.02476
1.11776
0.49348
1.63622
1.00046
1.07400
0.17171
0.70346
1.28248
0.95483
1.00147
0.81522
1.09357
0.71270
1.31295
1.38231
1.01382
0.69071
1.48084
1.54037
1.97459
0.91691
0.92129
0.18047
1.57596
1.29600
1.32279
0.81237
1.34486
1.34051
1.39180
0.58985
0.99154
0.95310
1.29153
0.66367
1.61696
0.89403
1.18961
1.91379
1.10537
1.40580
0.45006
1.72192
0.85061
1.28408
0.93570
1.74074
0.95748
1.26538
0.85907
1.05591
0.57416
1.18608
0.95294
0.36727
1.88305
0.63738
0.74487
0.45894
1.41458
0.84429
0.81452
1.13649
0.87477
1.14523
1.53367
1.31173
0.15457
1.53973
0.14059
1.50288
1.59299
0.73444
1.21187
0.99956
1.21519
1.37604
1.20737
1.64709
1.14782
0.49247
1.57894
1.18652
0.85125
0.54964
0.75486
1.68881
1.37292
1.15653
0.50197
1.04185
1.41552
1.32636
1.10341
1.22455
0.58694
1.41439
1.51588
1.26652
1.44609
0.28332
1.65199
1.83099
1.40212
0.91524
0.44791
1.37254
0.95345
0.47370
0.88562
1.29299
1.24548
0.97577
1.44116
0.50662
1.04989
1.21447
1.51675
0.93356
0.36247
1.31613
0.76196
1.33041
0.91643
0.86997
1.33344
1.12658
0.47610
1.39912
1.36512
0.59408
1.06638
1.48651
1.44880
1.43250
1.40351
0.61133
1.07508
1.33574
1.54326
1.28931
1.20314
0.84162
1.18176
1.36233
0.92788
1.60926
0.36787
1.60337
1.65836
0.52884
0.69088
0.69901
0.40548
1.45873
1.25092
0.48385
1.03832
0.76610
1.24701
0.29292
1.66300
1.02499
1.12885
0.54085
1.09270
1.42950
1.38397
1.19080
1.16502
1.82407
0.40497
0.39834
0.82199
1.27473
0.59528
0.94945
1.00950
1.32183
0.98930
1.26424
0.62977
1.62802
0.68170
0.75862
1.10055
0.26266
0.95397
1.27822
1.09181
0.67603
0.81413
0.92027
1.09473
1.44607
0.62407
1.95135
1.32854
1.53468
0.87123
1.80154
1.08354
0.71104
0.67736
1.68534
0.92994
0.25574
1.01862
0.70703
1.62423
0.88556
1.42366
1.63771
0.27691
0.89095
1.85912
0.88810
0.93675
0.59815
0.32825
1.16450
0.88964
1.65660
1.03517
0.43288
1.44405
1.27917
1.55428
0.96022
1.78013
0.93689
1.78800
0.63146
1.30693
1.47560
0.48682
0.27772
1.00715
0.03022
0.84912
0.66115
0.89265
0.82345
1.63724
1.25188
1.31718
1.22721
1.00227
0.84761
0.35851
0.51301
1.48465
1.06604
1.85978
0.92962
1.01765
0.54204
1.72178
1.02911
0.55905
0.37117
1.57444
1.10872
1.06967
1.20487
1.77579
0.76979
0.82512
0.54315
1.21525
0.95396
0.86020
1.17515
0.60654
0.55442
0.69346
1.15516
1.16872
1.37974
1.42453
0.85992
1.36105
1.22636
1.27138
1.41779
1.18498
1.71817
0.33146
1.25521
0.77971
1.09792
0.32893
1.04349
1.30139
0.52121
1.33167
1.13850
0.30474
1.42798
0.85172
1.27498
1.56617
1.34966
1.42257
0.67152
0.76152
0.76661
1.33118
1.09632
1.09489
1.34986
1.34337
1.39985
0.88656
1.65362
0.61669
1.32867
1.69702
0.62811
1.56590
0.77044
0.98610
0.50763
0.95900
1.54080
1.20532
0.88746
1.68573
1.54994
0.63566
0.69665
0.85770
1.73006
1.13055
1.23451
0.59180
0.99278
1.46138
0.89934
1.29576
0.39483
0.44924
1.28960
0.93932
1.45952
1.85710
1.39964
1.31439
1.20539
1.19128
1.21412
1.03433
1.82230
0.78951
1.14503
0.58507
0.64784
0.54420
0.29036
1.24564
0.83031
1.51026
1.61135
1.49817
1.12991
0.57878
0.70962
0.76121
0.43931
1.50460
0.42252
1.48225
1.57134
0.54612
0.48494
1.03502
1.28241
0.96515
0.37461
0.70514
1.06899
1.49746
0.84833
1.23653
1.29405
0.51345
1.35817
0.44815
1.35032
1.33032
0.92875
0.89380
0.64137
1.68310
1.32330
0.78603
1.10901
0.74362
0.65015
0.69743
1.49724
0.55413
1.43822
1.34998
1.20170
0.78804
1.26678
0.76440
0.52247
0.48300
1.35780
0.36347
1.10060
1.65783
0.71079
0.72167
1.31741
0.10533
1.82017
0.96666
0.59368
1.07901
1.13573
0.43953
0.97539
1.74555
1.59531
0.81233
0.35121
0.89861
0.74487
0.56254
0.80237
0.87662
1.34064
1.25369
1.06606
1.60700
1.49350
1.12223
1.70403
0.86986
1.14370
0.60268
0.85115
1.83203
1.19618
0.65227
0.62178
0.68707
0.68057
0.91271
0.77223
0.79543
0.82580
1.25483
0.99424
1.74169
1.72993
0.69599
0.25334
1.40587
1.58068
1.00883
1.37598
1.46628
1.54228
1.44886
0.98088
1.29183
1.28537
0.46088
0.89208
1.34001
0.88301
1.24431
0.89644
1.00344
0.92904
1.48170
1.22900
1.44537
0.79667
0.26646
1.59095
1.41108
1.21835
1.15448
1.63692
0.89571
0.50350
1.63022
0.84480
1.11079
1.43606
1.12264
1.49400
0.74649
0.76013
1.29748
0.59729
1.72479
1.24537
0.67557
0.79302
0.56537
1.07951
1.10552
0.69875
1.39232
1.81661
1.63752
1.12521
0.76268
0.85263
1.00917
1.62900
0.65906
0.63878
0.60433
1.43575
1.29818
0.60266
1.82641
0.91698
1.14594
1.23489
0.95591
1.28391
0.98030
1.25770
1.52524
1.04843
0.94653
1.75281
1.80210
1.04417
0.70048
1.16376
0.73548
0.34320
0.49440
1.45190
0.68729
0.91515
1.31851
0.29756
1.42765
1.27643
0.54063
1.30428
1.09730
0.88208
0.69486
1.33808
1.18962
1.20713
0.73349
0.60444
1.49256
0.60981
1.15371
1.51571
0.45151
1.32046
0.67173
1.26718
0.91904
0.94656
0.74504
1.45463
0.43606
0.72261
1.53188
0.87890
1.54308
0.45426
1.87862
0.52406
1.08908
0.80345
0.52161
1.06057
0.98878
1.50795
1.16983
0.39659
1.35466
1.05610
0.62928
1.85735
1.40671
1.73772
0.63428
0.73095
0.80085
0.48996
1.27741
1.74477
1.39547
0.73600
0.82928
1.01820
1.07619
1.34699
0.85644
1.00308
0.95641
1.12667
1.59569
0.70749
0.59765
1.63749
1.21867
0.90995
1.54460
0.52023
0.67026
0.52236
0.64625
1.71908
1.34675
1.65513
1.65885
0.44591
1.77315
1.90132
0.82767
1.10276
1.28706
1.68950
0.44816
0.20843
0.76883
0.63674
1.36537
0.73676
1.56280
1.48309
0.86457
0.51615
0.99017
0.76717
1.18278
1.37011
0.39996
1.28708
1.33600
1.28345
0.89354
0.92197
0.76046
0.90471
0.75259
0.68320
1.37778
0.76953
1.39093
0.41640
0.80357
1.83013
1.01165
1.48319
1.28387
0.80037
1.50581
1.32356
1.57622
1.74703
1.01609
1.52205
0.75831
0.53331
0.77922
1.14946
0.91935
1.28796
1.08473
1.34273
0.78072
1.33080
1.16158
1.91711
0.91067
1.08365
0.68137
1.30396
0.55999
1.01431
1.29494
1.05597
1.91358
0.54181
1.89453
0.81514
1.33947
0.64518
0.93317
0.84914
1.52570
1.19289
1.82738
1.60268
1.09403
1.01852
0.94026
1.07672
0.45687
1.47184
1.49939
1.08899
0.76475
1.23450
1.30926
0.41085
1.23394
0.97482
1.33758
1.12448
0.32731
0.95689
1.22030
1.70405
0.98102
1.45690
1.17854
0.17959
1.04474
0.75782
0.51595
1.35922
0.70882
1.59562
0.71388
1.75162
1.46660
0.46245
0.78699
1.10852
0.69439
1.49576
1.40897
0.59859
1.35273
0.97455
0.68621
1.18315
1.09889
0.30792
1.10277
1.13774
0.53146
1.36386
0.75852
1.00777
1.61138
1.36843
1.04103
0.65664
1.63119
1.28368
1.42805
1.44700
1.11717
0.69448
0.63703
0.96153
1.83254
0.94926
1.35417
0.60946
1.21411
0.56948
1.26566
1.93307
0.26058
1.34394
1.21292
1.79085
1.22333
0.98435
1.39856
0.34917
0.99748
0.34517
1.15650
1.09309
0.91055
1.03386
1.42852
1.30679
0.87934
1.24146
1.03249
1.19368
1.25918
0.27134
1.63161
1.23187
0.50000
1.36570
1.55099
0.86567
0.92820
1.72031
1.08988
1.74829
1.88750
1.33244
1.85127
0.99397
0.53688
0.28891
1.23589
0.55588
0.39991
1.94610
1.02739
1.20207
1.82158
0.73710
0.66827
1.06040
1.67162
0.75701
1.05911
1.23171
0.60276
0.83180
0.84143
0.60194
0.56066
1.19095
1.49740
0.64513
1.13143
0.64313
0.76533
1.37553
0.52476
0.45689
1.74961
1.06962
1.70676
1.45097
1.71199
1.70953
0.30657
1.59079
1.46828
0.44735
0.96779
1.31280
1.19410
0.66339
0.54070
1.10611
0.52243
1.53536
1.10809
0.79247
0.83642
0.46421
1.82907
1.78293
0.89430
0.48792
1.89416
1.39538
1.17868
1.47469
0.41297
0.90018
0.46490
0.95624
1.75182
1.08624
1.36181
1.87926
1.14816
0.86430
1.12701
1.60698
1.30824
1.04268
0.36846
1.56601
1.49865
1.26060
0.81480
0.83107
0.02657
1.45479
1.32568
1.35791
1.01195
0.45301
1.56524
0.65448
1.07159
0.90278
1.43265
0.48337
0.96528
1.35955
0.52179
0.93207
1.07007
1.15649
0.93203
1.24661
0.63247
0.96346
1.09195
0.94929
0.67583
1.65577
1.42551
1.60453
1.82506
0.91519
0.24828
1.34909
1.03256
1.04498
1.11591
1.40785
0.63648
1.68560
0.57750
1.41011
1.36262
1.59608
1.73803
1.65055
1.49286
1.34704
0.26888
1.28919
0.88575
1.27230
0.23800
1.09285
1.04985
0.68295
0.86868
0.95952
0.77677
1.03738
1.21982
1.07760
1.27478
1.48548
1.14215
0.98303
1.77871
1.62150
0.34195
1.68305
1.15109
0.64200
1.39108
0.64345
0.36470
1.29845
1.16596
0.57947
1.31299
1.02468
1.48694
0.84375
1.56176
1.73361
1.70096
1.25748
1.57717
1.17672
1.91795
1.52270
1.26495
0.89942
1.61825
1.38276
1.60850
1.54457
0.29057
1.38175
0.91512
0.34570
1.30830
1.08732
0.65351
1.41862
0.18620
1.33270
1.21857
1.99306
1.28106
1.81531
1.71162
0.94394
0.55641
1.71046
1.07835
1.25339
1.03088
1.16680
1.19958
1.05843
0.26298
1.06531
0.39403
1.26280
0.89786
1.45712
1.76425
1.55513
0.87303
1.43660
0.66001
1.25591
1.20018
1.49945
1.38904
0.82627
1.17783
1.21057
1.42689
1.82077
1.22779
0.77187
0.74263
1.06886
1.13012
1.71389
0.56746
1.37192
1.30150
1.10719
0.24585
1.21810
0.43622
0.90187
0.23697
1.34384
1.22085
1.71989
0.78951
1.19454
0.42474
0.59578
1.66217
1.31490
0.75571
1.22624
1.20706
1.83768
0.85211
0.90163
1.10511
1.01539
0.82542
0.71833
0.34818
0.77056
1.31344
0.99545
1.54316
1.19899
1.36371
1.31595
1.05890
0.54741
0.87086
0.78623
1.51256
1.22800
1.14697
0.59132
1.17205
1.10569
0.68884
0.73573
0.62680
0.57362
0.90561
1.09240
0.97275
0.50792
0.74594
1.32839
0.27346
0.37667
0.43569
0.83969
0.85011
1.37188
1.69713
0.90892
1.12974
1.15253
1.59568
1.07976
1.24392
0.84518
1.53211
1.49845
1.09729
0.79752
1.52032
1.50715
0.56606
1.39740
0.56539
1.34445
0.92499
1.77753
1.03868
0.42359
1.08682
0.21072
0.85119
0.88371
1.01831
0.61597
0.33957
1.02117
0.41888
1.42242
1.20162
1.28366
0.87899
1.20261
1.30864
1.08780
0.89473
0.78853
1.19480
1.27044
1.82764
1.48893
1.27491
1.09534
1.85429
1.34165
1.28497
0.45306
1.61619
1.81699
1.89248
1.65277
0.59323
0.95869
1.12738
0.98985
1.11018
1.74944
0.88928
0.56590
1.28332
0.54853
0.64621
1.24367
1.52025
1.31529
0.74324
1.90176
1.22614
0.44434
1.11863
0.83670
1.43979
0.58238
1.64541
1.01872
1.75704
0.28071
1.13936
1.06421
0.91823
0.67114
0.77430
1.62448
1.12821
0.95566
0.21676
0.56560
1.27797
0.68952
1.24963
0.95688
0.88416
0.67141
1.25119
1.46936
0.92529
1.64072
1.14317
1.59240
0.39962
0.92853
0.80857
1.79066
1.55057
1.01558
0.67369
0.31734
0.74290
1.23536
0.55814
0.12085
0.87664
1.94725
1.36884
0.44801
1.31258
1.49237
0.41081
1.79603
0.19807
1.26046
1.61054
0.61745
0.78100
0.21974
1.11107
0.52531
1.70193
0.27711
0.83297
1.37214
0.83799
1.43140
0.60070
1.47267
1.19905
0.37981
0.89401
1.54549
0.21836
1.62749
1.46509
1.17349
0.83717
1.61869
0.70425
0.83718
1.21137
0.45076
0.76894
0.95085
1.19936
0.96103
0.98993
0.58907
0.99988
0.98613
1.01368
1.13733
1.18572
0.70730
1.57685
0.46689
1.09248
0.90219
1.05136
1.08384
1.79784
1.18724
1.54121
0.26253
0.68031
0.94811
0.67848
0.70255
1.43672
0.41056
0.76703
1.37840
1.78167
1.24902
0.99491
0.82857
1.34526
0.70508
0.85254
1.18726
1.38422
1.26412
0.97875
1.06613
0.73476
1.67331
0.96706
1.21254
0.57802
1.07039
0.66597
0.29525
1.29348
1.28546
1.16784
1.45245
1.38584
1.08442
0.90675
1.23630
1.21978
1.22486
0.56285
1.36253
1.88336
0.44810
0.35018
0.67099
1.55680
1.23918
1.07159
1.19426
0.26823
1.33614
1.14066
0.62052
0.64615
1.68351
1.92769
1.41742
0.66880
1.28817
0.77636
1.82962
0.45805
1.09749
1.74473
1.40557
1.72152
1.59862
1.42848
0.83539
1.42391
0.52492
1.00025
0.64870
1.40900
1.07006
1.73262
1.24673
0.78011
1.76914
1.54989
0.59740
0.78138
0.89685
0.85998
1.02407
0.83956
1.66120
0.69348
1.18364
1.28427
1.82402
1.25338
1.44866
1.11721
0.57255
0.27040
1.38884
0.95775
0.29619
0.30618
1.75474
1.46256
1.17423
0.98268
1.25692
1.31014
1.29468
1.20985
1.51699
0.92970
1.85007
1.59044
1.47792
1.08262
1.56763
0.74490
0.59699
1.45762
0.51233
0.76816
1.93787
1.21091
0.91504
1.67328
0.81360
0.84205
0.96015
1.30743
1.89764
0.98027
0.94489
1.01918
1.08888
1.66058
1.83002
0.51516
1.19246
1.61550
1.37880
1.15079
0.75253
1.73943
0.47854
0.94334
1.38465
0.96525
1.34533
1.08647
0.76076
0.70785
1.98121
1.84938
1.53710
1.64199
0.53213
0.57661
0.57089
1.38137
0.96646
0.58122
0.81510
0.25641
1.19374
0.54664
0.55251
1.13225
1.47405
0.52476
0.76085
1.50202
0.97116
1.32209
0.81863
0.98919
1.23558
1.53892
0.88509
1.72034
1.14903
1.52086
1.23159
0.63552
0.46611
1.20066
0.60088
1.47203
0.87121
0.77949
0.74417
0.63598
0.53780
1.32405
0.75010
1.14281
1.50409
1.05277
0.71019
1.60603
1.51166
0.82764
1.80145
0.88121
1.27787
0.91855
1.00118
1.82618
0.96246
0.28730
0.88115
1.27624
1.33012
1.31016
1.58111
1.18311
1.05130
0.82178
0.91983
0.90596
0.69478
0.82745
1.36797
0.31800
1.35780
1.57453
0.90588
1.75050
1.04007
1.86412
1.54931
1.67747
0.75335
1.36645
1.52044
1.60491
1.31827
1.09699
0.33398
1.53854
0.86902
1.24005
0.57679
0.54020
0.67521
1.60547
1.55073
0.54710
1.35026
0.23633
1.81243
1.01546
0.54373
0.76119
0.72906
1.90435
0.98615
1.13291
1.96668
0.72790
0.84680
1.37437
1.40305
1.32383
0.77066
1.32311
1.21002
1.13670
1.41049
0.49143
0.82635
0.53182
1.31775
1.29707
0.50813
1.08831
0.87446
0.70876
0.31482
0.37906
0.59352
1.52674
1.22151
1.54093
0.92111
1.29740
1.35321
0.89297
0.83254
1.27390
1.49132
1.23675
0.69304
0.99415
1.26034
1.89172
0.89224
1.71437
0.64740
1.53831
0.78617
1.37164
1.15347
0.89315
1.58681
1.86374
0.82574
1.10694
1.05039
0.92504
0.77698
0.62669
0.23316
1.46215
1.01584
1.15067
1.57870
1.66681
1.37267
1.40122
0.90723
1.00939
1.73214
0.99200
1.86760
1.47913
1.32828
1.00839
0.50472
0.62762
1.09821
0.43364
1.43145
0.45085
0.74280
1.51966
1.11309
0.67190
0.95084
0.72431
1.53200
0.95955
0.83095
1.71821
1.27837
1.53222
0.72098
0.60738
1.29457
0.71278
1.33761
0.73046
1.06580
0.51915
1.08146
1.11940
1.37732
1.12532
1.01561
0.73375
0.53537
0.49789
1.30907
0.59023
1.15530
1.56493
0.89617
1.71217
0.89009
1.82955
1.62270
1.73360
1.18447
0.47323
0.67852
1.07426
1.70184
1.08125
1.11872
1.00398
0.93922
0.18704
0.30096
1.02667
1.54544
0.71028
1.27912
1.17032
1.00867
1.39315
0.40808
0.76398
1.72896
0.83224
0.98374
1.09509
1.09501
1.93794
0.44172
1.70610
0.56184
1.31351
1.43501
1.12656
0.78569
0.39185
0.78071
0.17988
0.74484
1.79749
1.84593
0.91718
0.81755
1.10233
0.95291
1.23628
0.59508
1.88039
1.80489
1.04216
1.00082
1.50121
1.60555
1.05821
1.05859
1.62939
1.30513
1.79001
1.28027
1.23057
1.03498
1.26867
1.62871
0.54570
1.25821
1.90064
1.45898
1.48602
1.32749
1.14710
0.97374
0.66207
1.09285
0.81590
0.79244
0.82991
0.89867
1.39048
1.13255
1.17570
1.10906
1.36125
0.35436
1.85388
0.60826
0.68036
1.15810
0.90854
0.50377
1.06667
1.32847
0.72518
1.53829
0.27984
0.80213
1.08649
1.66613
1.23029
0.62952
1.18106
0.74315
1.34040
1.57032
1.31275
0.85364
0.94432
0.49616
1.93336
1.13672
1.12536
0.95973
1.42477
1.59509
1.41035
0.61261
1.26842
1.66782
0.96978
1.72523
1.22327
1.33949
1.54701
0.71070
1.74352
0.75339
1.54945
1.51252
1.45469
1.15682
1.38326
0.68748
1.20337
1.50862
0.87912
1.25209
0.95933
0.99311
1.63683
0.88523
1.69781
1.21735
0.38576
1.13163
1.48878
1.05914
0.80334
1.48161
1.16580
0.80095
0.98011
0.22326
0.89887
1.77322
0.44306
1.17055
0.49349
0.63445
1.54202
1.59980
1.01348
1.76941
1.25465
0.84659
0.82615
1.17336
0.97267
1.19048
1.15200
0.88277
0.68142
1.31954
1.14595
1.51743
0.66906
1.17043
1.28716
1.19547
1.40507
0.37685
0.65411
1.27707
1.34714
1.76536
1.51379
0.77336
1.11700
0.13424
1.34336
0.93111
1.48541
1.89433
0.88636
1.06540
0.79418
0.72674
0.80738
0.44708
1.68031
0.48909
1.61432
1.19161
0.18308
0.90416
1.58699
1.10915
1.52618
1.61117
0.92728
1.68187
1.19878
1.46649
1.92564
1.62117
0.88289
1.18570
1.11109
1.37876
0.99862
0.90879
0.69039
1.19954
1.20048
1.08139
1.12735
0.99092
1.23473
1.31583
0.90731
1.05980
1.15008
1.65129
1.22648
1.21064
1.35398
1.16000
1.38831
1.24193
0.97635
0.94045
1.44728
0.74094
0.77793
0.73180
1.08410
0.60858
0.86251
1.11283
0.27023
1.49537
0.92547
1.35652
0.27507
1.64469
0.83539
1.27678
1.31315
1.17826
1.50776
1.17102
1.17191
0.94853
0.92121
1.52255
1.13618
1.00093
1.21987
0.73302
0.40299
1.49497
0.47428
0.82597
1.56018
1.03717
0.65008
1.04235
1.68410
1.48000
0.66352
1.00444
1.30313
1.41623
1.05117
0.55932
1.55793
1.42978
1.09611
0.85434
0.37386
0.94649
1.95377
0.63606
1.07345
0.72192
0.29449
0.96811
0.44935
1.60606
0.35532
1.18289
0.62082
0.41283
0.93967
0.83657
1.52306
1.03277
0.60439
0.70406
1.23789
0.91686
1.15251
1.75530
0.87513
0.96439
0.32583
1.43934
0.93983
1.18992
1.18361
1.10291
0.32265
0.65788
1.51716
0.57360
1.58102
1.67064
0.88934
0.79603
0.95689
0.97384
0.91360
1.19712
0.39208
1.66111
1.02557
1.07307
0.44544
1.62389
0.98735
1.05702
1.02253
0.83388
1.72391
0.68356
1.41637
1.38753
1.58930
1.50445
1.28824
0.60152
1.45172
1.62715
1.22635
1.49795
1.61822
1.84236
1.13153
0.25509
0.81677
1.76695
1.37660
1.40506
0.75121
0.19862
0.55325
1.57892
0.49877
1.78615
1.10265
0.77118
1.25732
1.54799
1.49589
1.56038
1.27113
1.58159
1.46976
0.36779
1.24419
1.40521
0.87116
0.65622
1.12399
1.68523
0.86703
1.15267
0.13708
1.62340
1.51575
0.88243
1.23797
0.77105
1.46538
1.05215
1.17443
1.16084
1.80814
1.52336
0.78700
1.76267
0.29568
0.92497
0.37422
0.36322
1.19550
1.71705
0.79763
0.76584
1.14919
0.68013
1.25875
0.42361
0.93445
1.53362
1.27234
1.24151
0.88915
0.50077
1.43431
1.45524
1.45678
0.81413
1.09855
0.47287
0.42159
1.47785
0.31284
0.93061
1.51060
0.70106
1.41051
0.55730
1.14525
1.29742
1.43900
0.73149
0.65374
0.68666
0.75151
1.55912
1.61354
0.39438
0.86675
0.72872
0.55063
1.48019
0.62993
1.22824
0.44427
1.15379
1.21928
0.91141
0.23529
0.41612
1.31460
1.64146
1.20572
1.40403
0.89224
1.42149
0.88706
1.67527
1.91033
0.77054
1.09840
1.49364
1.39818
1.10830
0.81076
0.51486
1.55564
1.39605
1.01323
0.93956
0.48707
1.33566
1.37055
1.68277
1.14226
1.03647
1.20788
1.44768
1.22261
1.23777
0.92065
1.16404
1.37753
1.83592
1.11156
0.51785
0.92468
0.38562
1.19006
1.36681
1.69516
1.70421
1.68563
0.92646
0.73069
0.99167
1.45289
0.51411
1.43114
1.43233
1.07897
1.12719
1.57051
1.28165
1.20166
1.35524
0.94535
0.88157
1.12049
1.40175
1.52515
1.33622
1.52995
1.19849
1.70288
1.59457
0.95096
1.17843
1.11861
0.89071
0.34434
1.65431
1.56581
0.47253
1.34347
1.38812
1.30455
1.75613
1.22491
0.57752
0.62678
1.16178
1.57136
1.37758
1.60384
0.80422
1.20279
0.98925
1.56129
0.26978
1.44167
1.10379
1.76021
0.70640
0.61258
0.49449
0.70451
1.66203
1.08557
1.19280
1.10547
0.54810
0.86467
0.90187
0.73838
1.24244
0.61829
0.79175
1.53626
1.25637
0.59232
1.64794
0.72152
1.00782
1.70282
0.40719
0.87711
1.12940
1.21711
1.46619
1.74062
0.79002
0.73990
0.93063
1.58592
1.55705
1.66437
0.89159
1.89264
0.64944
1.15192
1.16761
1.20561
0.75618
1.27751
1.12184
1.91655
0.56829
1.07915
0.34692
1.61925
0.80011
0.67191
1.15850
1.18673
0.48501
0.81260
1.02215
0.81419
1.39723
0.66910
0.93543
1.63123
0.58921
0.40279
0.81388
1.65897
0.99034
1.10078
1.62668
0.60891
1.07556
0.81530
0.79822
1.42939
0.49944
1.44192
1.37521
0.78251
1.73003
0.48402
1.33053
0.77085
0.85739
1.61277
1.75374
1.15468
1.66847
0.72899
0.56999
1.15361
1.01424
0.96455
1.54546
1.40858
1.65004
1.13301
1.92637
1.00282
0.51306
1.12592
1.24353
0.54345
0.87580
1.67500
1.27922
0.97973
1.51946
1.34931
1.51749
0.60957
1.38164
0.77926
0.86049
1.23571
1.55407
1.04876
0.41027
1.85624
1.39902
1.04271
0.18689
1.73460
0.79351
1.68364
1.11991
0.57830
1.48002
1.68898
0.40917
1.11227
1.16824
1.22691
1.12558
1.39503
1.68959
1.39720
0.73737
1.20053
1.09374
0.61144
1.37607
1.33662
0.78044
0.50447
0.67796
1.05178
0.28697
1.62612
1.75950
0.46551
1.90728
1.72199
1.46532
1.86594
1.11100
1.32450
0.69749
0.42755
0.55612
1.51613
1.04921
0.80856
1.07791
0.29690
1.02136
1.53373
0.81739
0.86716
1.53978
1.49487
1.83173
0.69467
1.79200
1.25760
1.21965
1.78047
1.11358
1.46975
1.10834
1.14732
0.43278
0.61232
1.37114
1.52444
1.77253
1.23373
1.59067
0.87218
1.25647
1.30810
0.79827
1.32727
1.68471
1.00091
1.69718
0.61747
0.56696
1.01709
0.80538
1.14204
0.78545
0.62528
0.63645
1.44972
1.20752
1.58720
1.08181
1.02612
1.16861
0.72910
1.31526
0.44236
0.49644
0.90152
1.19208
1.05005
1.00034
1.46905
0.26258
0.66474
0.72880
0.99329
1.02166
0.50643
0.35366
0.85427
0.28090
1.48122
0.98528
1.17360
0.40369
0.70175
1.17999
0.70762
1.51924
0.20780
0.77955
1.42834
1.79911
0.98874
1.05133
1.18246
0.94085
0.87481
1.25114
1.06436
1.67322
0.83189
0.21371
1.53616
1.09744
0.87350
1.22486
1.49829
1.14264
1.67352
1.36163
1.68739
1.80733
1.20527
1.23778
0.75416
0.86695
1.21134
1.49889
1.34106
1.17904
1.09439
0.77469
0.71615
1.04943
0.74036
1.71459
1.68623
1.47958
1.15677
0.92721
0.47732
1.64363
1.39550
1.58209
0.89569
1.52201
0.81659
1.44966
0.78482
0.78031
1.50271
1.09390
0.71499
1.44269
1.67914
1.17707
1.46330
0.52789
0.42633
1.19802
0.80893
1.55054
1.40364
1.47874
1.48312
0.42486
1.60812
1.89138
1.10182
1.10871
1.01094
0.69532
0.86817
1.42260
1.73682
0.71221
1.17137
0.67383
0.89099
0.39847
0.88849
0.77024
0.57769
0.98573
0.73288
1.24795
1.51783
1.28604
1.43897
1.40629
1.35008
0.80349
1.55972
1.67315
1.51501
1.22951
1.11410
1.14334
1.22090
0.53638
1.40369
1.45432
0.55744
1.96549
0.71043
0.73704
0.73329
1.45321
1.31647
0.52072
0.95136
1.39113
1.44523
0.88896
1.26860
0.61572
1.07168
1.85445
1.47582
0.90655
0.87383
0.98355
1.59654
1.22008
0.86044
1.23155
1.56498
0.94220
0.62297
1.15371
0.68264
1.44182
1.51621
1.56588
1.21481
0.86472
1.07418
1.06473
0.27568
1.00574
0.65419
0.66133
1.59111
0.81834
0.54720
1.22270
1.61218
1.40873
1.34517
1.26623
0.95246
0.80893
0.46490
1.13744
1.33986
0.61862
0.69779
0.70011
1.29628
0.75517
1.19798
0.64945
1.43367
1.74028
0.23731
1.32836
1.90482
1.81307
0.69052
0.93201
1.51408
1.70343
0.95882
0.92136
0.46010
0.73071
1.20701
1.09281
1.22881
0.58614
0.45602
0.92931
0.64409
0.83233
0.60338
1.01157
1.79339
1.57469
0.51714
1.08113
0.27213
0.70974
1.70552
1.37110
0.45489
0.53247
1.62391
0.98354
1.04276
1.00698
1.12089
1.32658
1.67455
0.48142
1.06134
1.93932
0.78625
0.34782
0.62844
1.52115
0.64570
1.30340
0.44918
1.00686
1.18911
0.95139
1.60065
0.99610
0.78205
1.15543
1.22403
1.48583
1.69102
0.86147
0.86183
0.95166
0.98528
1.10105
1.15869
1.31872
1.08125
1.26558
0.48166
1.51995
1.14014
0.42196
0.49557
1.86975
0.40850
1.34564
1.29586
1.73559
1.08759
0.67021
0.91729
1.06714
1.04541
1.38785
1.80846
1.06724
0.70162
1.11314
0.76366
0.97158
1.23697
1.53351
1.64808
1.18863
0.79921
0.37752
1.36002
1.79875
0.77634
1.24492
1.18105
0.96776
1.08635
1.23964
0.73479
1.51835
1.33441
1.43355
0.75052
1.15840
1.64727
0.99297
1.59019
1.01546
1.29800
0.69699
1.30716
0.77700
0.76954
0.75993
0.45329
1.63284
1.37064
0.89919
1.04551
0.40355
0.91095
1.08051
1.00345
0.52727
0.85386
1.72313
1.44910
0.87054
0.53815
1.30545
1.00790
0.59630
1.06854
1.25333
1.69085
0.26126
0.80734
1.65595
1.85124
1.96853
1.37552
0.68796
0.84818
1.46961
1.01732
1.73978
0.36471
1.63443
0.68860
1.44855
0.81224
1.50415
1.24811
0.68803
0.97738
1.92625
1.14562
0.86091
0.79973
1.29002
1.47544
0.92617
1.48083
1.27848
0.83251
1.38554
0.88550
0.88135
1.83799
1.57639
0.78972
1.39754
1.59773
0.54901
0.59873
0.38132
1.33457
1.12569
0.44517
0.78517
1.01535
1.12399
1.18169
0.80306
1.67467
1.10161
0.81498
1.74597
0.66241
1.53506
1.15069
0.69886
0.39301
0.98835
1.65988
1.40617
1.58523
0.57204
1.17828
1.54880
1.48527
1.85965
1.00970
0.99584
1.35820
1.14063
0.61721
1.17544
0.34808
0.57727
1.04462
0.61836
1.38119
1.04897
0.26876
1.58629
0.68714
1.25461
1.01511
1.32331
1.52651
0.95243
1.09775
0.75992
1.44644
1.40910
1.09737
0.39424
0.59584
1.44506
0.99398
1.44358
0.63385
1.21152
0.77450
0.72603
1.14111
0.47992
1.44172
1.10174
0.63051
0.39444
0.59236
1.83779
1.31408
1.56107
1.13026
1.33333
1.61615
0.93060
0.34390
1.62370
1.22663
1.53875
1.13467
1.88813
0.81702
0.87597
1.23585
1.47033
1.46649
0.32731
0.55248
1.25151
1.82154
1.87273
0.48154
1.40005
1.28903
1.71952
1.62765
0.67317
1.20587
0.94708
1.27055
1.06726
1.26988
0.82951
1.07827
1.90673
1.19863
1.43656
0.76199
1.52673
0.40625
1.51738
0.73426
1.10974
0.72211
0.78953
1.46555
0.26750
1.21249
1.43932
0.66433
1.36200
1.15260
1.34028
1.30939
1.78775
1.38784
1.18483
0.83818
1.37737
0.70941
1.10673
1.09724
1.50504
1.71298
1.05717
1.31815
1.19655
1.05113
1.35169
1.63719
0.92406
1.29717
0.84333
0.75554
0.26342
0.86757
0.90173
1.08035
1.54734
0.28609
0.31261
1.49613
0.84149
0.68335
1.41931
1.25592
1.84190
1.67912
0.47439
0.95170
0.43813
0.20763
0.98312
1.67809
1.41603
0.83939
0.30840
0.41276
1.59867
0.87608
0.80428
0.87304
0.68426
1.30231
1.53758
1.03587
0.89151
1.68176
1.19469
1.49088
0.20703
0.41517
0.88835
1.61046
1.38735
0.74201
1.11405
1.02855
0.81146
1.11305
1.79517
1.12574
1.14326
0.92243
0.57755
0.52100
1.95581
1.62478
0.57716
0.78367
0.79637
0.50143
1.12504
0.52894
0.68505
1.23651
1.68320
1.64073
1.59430
1.13369
1.28989
1.23078
1.55462
0.64859
1.25024
1.56718
1.31762
1.64388
1.28104
0.79418
1.11690
0.75280
0.63285
1.67365
1.17097
0.44664
0.66547
0.65014
1.40986
1.11558
1.17089
0.44309
0.48515
1.41510
0.69904
1.48194
1.10919
1.77964
1.29324
0.75968
0.35991
1.18687
0.31168
0.77265
0.59411
1.32636
0.92154
1.40455
1.25299
1.63887
1.93988
0.35922
1.68559
1.53305
1.42979
1.58080
1.21222
1.05597
0.88076
0.77462
1.15066
0.96593
0.71835
0.51459
1.86977
1.62441
1.69447
0.20685
0.59594
0.88312
1.33281
1.14611
1.35893
0.79021
0.84139
1.60868
1.29947
0.92472
0.67208
1.16224
0.68184
1.62949
1.21274
1.47557
0.32732
0.64214
0.80296
0.67495
0.97715
1.55135
1.58009
1.39044
1.52906
1.25098
1.35433
1.20301
1.85408
1.07358
0.64375
1.42817
0.93320
1.67884
1.90522
0.31969
0.24875
0.63629
1.79106
0.46802
1.66573
0.50263
1.18370
1.15738
0.34076
0.72078
1.29051
1.34164
1.33407
1.22728
0.56580
1.44241
0.73616
1.84509
1.10075
1.45810
1.69292
1.37844
0.97833
1.65654
1.74337
1.26088
0.35514
0.67397
1.54684
1.33660
1.14032
0.60696
0.58137
0.79724
0.39094
1.14176
1.77221
1.69555
0.83594
1.06027
0.98098
1.09902
1.01617
0.75282
1.15459
0.83188
0.84432
0.79500
0.74429
0.83443
0.58158
1.12241
1.29738
1.92113
0.26138
1.13018
1.69031
0.41529
0.67284
1.09572
1.04416
0.48072
0.82883
0.96492
1.01692
1.59508
1.67252
1.64009
1.65500
1.33319
1.19285
0.72358
0.45224
0.89724
0.90694
0.81627
0.76400
1.49207
1.00472
1.32810
0.37386
0.70712
0.50094
0.96764
0.53004
0.70003
0.25335
1.48755
0.84710
1.52178
0.94550
1.33596
1.00426
0.78691
1.22402
0.57107
0.62941
1.01072
1.41897
0.53286
1.68434
0.74691
1.45364
1.43810
1.05961
1.08224
0.86416
0.73975
1.14813
1.25798
1.67139
1.80149
1.61123
1.05689
1.32312
1.59107
1.13105
0.73857
0.57987
1.74747
0.34644
0.50360
1.08403
1.18508
1.58275
0.95633
1.47181
1.40353
1.42376
0.85276
1.06613
1.02811
0.94007
1.21494
0.78233
1.32788
1.50501
1.00225
1.69012
0.97027
1.85266
0.99655
1.87574
0.95225
1.28668
0.51653
1.48169
1.90050
1.35009
1.17141
0.41037
1.12057
0.34729
0.70575
1.84088
0.39521
0.49261
1.12352
1.25091
0.41200
0.76100
1.58487
1.37301
1.61256
0.96781
0.81632
0.46858
1.83411
1.23170
1.15858
0.91159
0.60140
1.48051
1.02713
0.76855
0.72342
0.13090
1.13247
0.77601
0.97640
0.72565
1.17455
1.00129
1.45122
1.65114
1.50638
0.45701
1.29484
1.06796
0.86914
1.61344
1.50261
1.77380
0.52603
1.26678
1.13625
1.00802
1.00355
1.50877
0.64142
1.06102
0.95527
0.77608
0.55535
0.54777
0.78065
1.11389
1.41210
0.40668
1.04535
1.26352
0.90148
1.48384
0.73419
0.59476
1.23998
0.45505
0.83655
0.18072
1.00553
0.90706
1.59218
1.36492
0.97440
1.78267
1.36055
1.42748
1.54614
0.81349
0.63484
0.58198
1.49526
1.21106
0.66754
1.00852
0.66197
1.32305
1.73364
1.81691
1.26145
1.39790
1.36285
1.33868
0.54495
1.37293
1.18612
1.46553
1.69595
1.15032
0.24393
1.10610
1.57035
0.78000
0.57710
1.34514
1.37961
0.83258
0.53143
1.33612
1.08088
1.19792
1.34938
0.83932
0.99137
0.79127
0.59989
0.72786
1.56099
0.90080
0.73898
0.71052
1.17445
1.64856
1.81854
0.77592
1.29309
1.55151
1.30007
1.03625
1.55633
1.17633
0.86769
1.03115
0.74847
1.01613
1.89860
0.26790
0.31568
1.14543
1.08649
0.87582
0.44599
1.50903
1.01886
1.83197
0.76956
1.49258
1.57172
1.87153
0.68024
1.96541
1.09822
0.61252
1.52901
1.50176
0.83174
0.81933
1.20092
0.71635
1.31556
1.20376
0.72928
0.47720
1.41432
0.58906
0.90747
1.61716
0.69835
1.44769
1.15325
0.61795
1.33848
1.39154
1.71387
0.47726
0.73718
1.14337
0.70220
1.81503
0.77678
1.09287
1.72744
0.88897
1.34123
0.72791
0.55025
1.70684
1.64857
1.08052
0.45498
1.32286
1.58791
0.98711
0.87175
1.35344
1.11951
1.21420
1.32875
1.65397
0.82014
0.66545
0.68525
0.55019
0.74089
1.05149
0.84155
1.54302
1.60895
1.16876
1.85076
1.24444
1.29924
0.89291
0.77070
1.72140
1.63265
1.09014
1.64019
0.63786
1.09862
1.77414
0.88828
1.00765
1.36277
1.40316
1.29243
0.58581
0.77349
1.16643
1.00563
0.44507
0.62657
1.28176
0.41226
1.03379
1.05665
0.78823
0.81403
0.67354
1.83045
1.54716
1.49232
0.81144
0.84755
1.11710
1.55267
0.65452
1.50596
0.86649
1.56189
0.80521
1.15733
0.32453
1.09757
0.73352
0.84345
1.59239
1.32420
0.78137
0.88408
1.65907
0.83753
1.02849
0.68553
0.30041
1.11671
1.34167
0.64558
1.59935
0.70123
0.89681
1.15552
0.80576
1.41440
0.59562
1.10754
1.15355
0.37272
0.24627
0.56381
0.64597
0.79541
1.44274
0.89031
1.07866
0.86799
0.71613
0.57827
1.14415
0.50489
0.88745
0.57866
1.19636
0.62409
1.07733
0.79935
1.19564
1.34367
1.29648
0.55216
1.44173
0.51068
1.05882
1.33762
1.04196
1.05176
1.28346
1.27045
1.21548
0.97026
0.80596
0.80967
1.29807
1.29722
1.87259
0.69412
1.43531
0.99050
1.20285
1.40743
0.52203
0.31417
1.51055
1.26761
1.70267
1.25833
1.77247
0.98273
0.97262
1.13329
0.42932
1.10560
1.08335
0.82408
0.08246
1.59571
1.05494
1.48411
1.37272
1.11048
1.31902
1.53548
0.55044
0.99011
1.39103
1.79361
1.00314
1.61706
0.63029
0.94718
0.86520
1.35501
0.77400
1.51389
1.43583
0.70318
0.87491
0.38061
0.91738
0.15003
0.96147
1.15209
1.13130
1.18293
1.10953
1.76949
1.64094
0.80504
0.53120
1.21565
1.08053
1.10196
0.99818
0.67374
1.44985
0.71124
0.80530
0.69376
0.98993
1.63404
1.23706
1.00477
1.23731
1.09044
0.95688
1.33269
0.42284
1.35663
0.75162
0.83576
0.53668
1.49564
1.41561
0.70874
1.28066
