sk
0.68461
0.68767
0.66686
0.64606
0.67981
0.67720
0.65233
0.68016
0.66885
0.65779
0.66132
0.67422
0.68440
0.65808
0.65376
0.67033
0.65939
0.64716
0.65524
0.67047
0.68965
0.66520
0.67627
0.67923
0.64856
0.64909
0.66855
0.68268
0.67527
0.66670
0.66048
0.67895
0.67766
0.64944
0.65446
0.66026
0.66357
0.65633
0.67734
0.65880
0.67293
0.66634
0.65865
0.68107
0.70647
0.67430
0.64936
0.67254
0.66173
0.68617
0.68894
0.66460
0.69616
0.66681
0.67895
0.67710
0.68118
0.68261
0.68051
0.66995
0.66464
0.66977
0.66083
0.67499
0.68794
0.67002
0.66475
0.68016
0.66924
0.66313
0.66364
0.68173
0.67743
0.65326
0.66484
0.65754
0.67029
0.67995
0.66508
0.67784
0.67119
0.67871
0.65812
0.65947
0.66355
0.66501
0.66833
0.67366
0.66817
0.67018
0.66439
0.67827
0.64072
0.67152
0.67892
0.67212
0.66851
0.67263
0.64824
0.70236
0.66175
0.66226
0.66013
0.66840
0.68215
0.66426
0.69590
0.69265
0.66011
0.66008
0.68363
0.67674
0.65820
0.68402
0.67780
0.67328
0.68901
0.67725
0.68891
0.67905
0.69162
0.66360
0.67837
0.67431
0.67079
0.66299
0.66393
0.67634
0.68045
0.65733
0.67295
0.67773
0.69028
0.67043
0.68172
0.66569
0.67604
0.67747
0.64431
0.65148
0.66605
0.66505
0.66428
0.66706
0.66948
0.67495
0.64788
0.69060
0.69422
0.68738
0.68923
0.66978
0.68909
0.68705
0.67899
0.66691
0.66399
0.67525
0.65562
0.66258
0.67887
0.67616
0.67670
0.66504
0.66723
0.65902
0.66827
0.66975
0.68368
0.67391
0.67545
0.67211
0.66008
0.65673
0.67387
0.66479
0.66090
0.69430
0.68222
0.68524
0.65035
0.67853
0.65072
0.67043
0.70028
0.66101
0.67908
0.66941
0.64799
0.66685
0.68935
0.67329
0.66453
0.67409
0.67017
0.68911
0.67495
0.67781
0.66395
0.66951
0.68947
0.66427
0.68266
0.68630
0.65511
0.69061
0.67173
0.69467
0.68037
0.68304
0.63491
0.67074
0.67765
0.67702
0.65199
0.65630
0.66310
0.68583
0.68134
0.65453
0.67997
0.69476
0.66680
0.66586
0.68118
0.64772
0.66023
0.67111
0.67549
0.66293
0.67346
0.67368
0.67690
0.69527
0.66248
0.66182
0.65725
0.67671
0.67866
0.67188
0.67497
0.65839
0.65868
0.68576
0.66595
0.65728
0.67315
0.65491
0.66635
0.67924
0.66668
0.67121
0.68389
0.67211
0.67648
0.68667
0.68359
0.67673
0.69462
0.66731
0.67761
0.67066
0.66733
0.67765
0.67532
0.65978
0.68086
0.68464
0.68378
0.68601
0.66579
0.66970
0.67901
0.66550
0.65032
0.66955
0.65989
0.65301
0.65177
0.68517
0.67905
0.66628
0.69325
0.68137
0.67012
0.67137
0.66231
0.69074
0.65940
0.66455
0.68893
0.66601
0.67231
0.66830
0.65741
0.66034
0.66387
0.66805
0.68163
0.65934
0.69065
0.67038
0.67223
0.66194
0.68101
0.66666
0.66355
0.64121
0.65679
0.69458
0.66265
0.68864
0.68265
0.66237
0.67500
0.66169
0.66619
0.67605
0.66003
0.67796
0.67530
0.65770
0.66506
0.67707
0.67101
0.68188
0.64798
0.67424
0.64589
0.66471
0.68024
0.67393
0.68544
0.66297
0.66404
0.66719
0.70281
0.66819
0.67144
0.66155
0.68900
0.66648
0.67910
0.65196
0.66953
0.67634
0.67836
0.67353
0.65370
0.64930
0.66394
0.68394
0.66419
0.67677
0.66760
0.65800
0.66394
0.68382
0.67980
0.68864
0.65555
0.68646
0.68248
0.68971
0.66103
0.68439
0.67023
0.68221
0.66833
0.65118
0.67703
0.67478
0.68021
0.66491
0.68507
0.65297
0.67836
0.66265
0.65558
0.67391
0.70391
0.67683
0.66563
0.67578
0.65634
0.65409
0.65191
0.65626
0.67460
0.64299
0.65588
0.64838
0.66953
0.66468
0.66424
0.66935
0.66836
0.66409
0.63811
0.65876
0.65865
0.65460
0.67300
0.67155
0.66868
0.65763
0.67136
0.65305
0.66672
0.66552
0.65481
0.66160
0.66330
0.64680
0.65146
0.68882
0.67206
0.64661
0.66255
0.67818
0.66756
0.66088
0.64463
0.65550
0.68459
0.65767
0.65697
0.67724
0.66117
0.67217
0.65974
0.65301
0.65206
0.67777
0.63894
0.69090
0.65307
0.65583
0.65585
0.65869
0.67406
0.65423
0.66249
0.67529
0.67649
0.63580
0.66097
0.65646
0.67879
0.67864
0.65413
0.66342
0.67456
0.64942
0.65785
0.67740
0.66068
0.66608
0.67330
0.67210
0.66709
0.67346
0.68162
0.68513
0.65968
0.64504
0.68713
0.68452
0.66965
0.67690
0.67659
0.67182
0.65606
0.68085
0.69135
0.67112
0.67560
0.66453
0.65169
0.67728
0.68456
0.65639
0.65589
0.67101
0.65371
0.67488
0.67383
0.68996
0.65866
0.67791
0.68626
0.64752
0.67392
0.65641
0.67747
0.68584
0.66704
0.68141
0.68191
0.69077
0.65548
0.66667
0.67038
0.68177
0.66149
0.67638
0.65783
0.67722
0.67670
0.70012
0.66533
0.67599
0.68308
0.65188
0.68906
0.66721
0.68725
0.66198
0.69103
0.68833
0.66775
0.67029
0.66928
0.69079
0.66675
0.66368
0.67323
0.66877
0.69669
0.67884
0.66883
0.67628
0.66898
0.66966
0.67869
0.68247
0.69009
0.65918
0.68816
0.67714
0.67167
0.66056
0.66581
0.68655
0.67415
0.67303
0.67250
0.65754
0.68590
0.65743
0.67435
0.66906
0.67091
0.69372
0.68744
0.67617
0.67204
0.66648
0.68358
0.67884
0.65647
0.67528
0.71524
0.67439
0.66229
0.66285
0.69057
0.67544
0.66636
0.67906
0.68305
0.68039
0.67925
0.67894
0.68293
0.67348
0.67183
0.65758
0.66107
0.66217
0.63681
0.66486
0.65685
0.63997
0.66872
0.67379
0.66725
0.66917
0.64449
0.66419
0.67173
0.64428
0.67283
0.65007
0.65007
0.65823
0.65899
0.64790
0.66555
0.66893
0.64143
0.64793
0.65557
0.64990
0.64391
0.67372
0.64822
0.64957
0.64606
0.64799
0.65805
0.63818
0.66627
0.64070
0.65460
0.65248
0.65266
0.64891
0.64836
0.65537
0.65311
0.66396
0.65146
0.65026
0.64775
0.66512
0.63795
0.65215
0.66872
0.65240
0.64569
0.65980
0.67188
0.62917
0.67406
0.64957
0.65294
0.66376
0.65704
0.67746
0.64727
0.65084
0.65907
0.65393
0.66917
0.63871
0.68996
0.67187
0.67757
0.68777
0.68466
0.66625
0.66918
0.65794
0.64037
0.67064
0.64991
0.65527
0.68341
0.63394
0.66149
0.68656
0.66451
0.67236
0.65833
0.68480
0.62853
0.68087
0.68036
0.65400
0.67709
0.67574
0.66873
0.65464
0.62848
0.65115
0.64524
0.66186
0.64622
0.66996
0.67260
0.65824
0.66556
0.67186
0.65348
0.67824
0.67645
0.64418
0.65686
0.64212
0.63499
0.66247
0.63902
0.66145
0.67289
0.66338
0.66659
0.68057
0.68175
0.67392
0.66500
0.66892
0.66657
0.66838
0.67042
0.67038
0.65303
0.66545
0.66674
0.66073
0.65610
0.67150
0.64783
0.68384
0.66821
0.67048
0.63869
0.66286
0.67724
0.66240
0.64310
0.67520
0.64322
0.64773
0.65198
0.67860
0.65330
0.66443
0.67734
0.65336
0.67285
0.67037
0.67888
0.66593
0.66127
0.65958
0.67158
0.66761
0.68184
0.65938
0.67308
0.66614
0.65503
0.66949
0.65703
0.67759
0.67067
0.64906
0.66855
0.67110
0.65604
0.65888
0.65498
0.64742
0.66414
0.65083
0.65203
0.66850
0.64524
0.65881
0.65450
0.64644
0.64845
0.63831
0.65663
0.65806
0.67552
0.64002
0.69517
0.66567
0.66063
0.66636
0.66271
0.65026
0.66942
0.66449
0.67028
0.67687
0.66022
0.66687
0.67982
0.67938
0.66091
0.65353
0.65343
0.66376
0.65898
0.65934
0.65781
0.66467
0.65890
0.65868
0.65642
0.66807
0.67770
0.67395
0.65649
0.66665
0.66864
0.65760
0.67134
0.68358
0.66398
0.66012
0.67126
0.66845
0.67277
0.66579
0.68001
0.66943
0.67398
0.65764
0.65123
0.65977
0.65663
0.67292
0.66531
0.69269
0.67317
0.66473
0.65809
0.64882
0.67525
0.65595
0.66382
0.66819
0.67146
0.69025
0.67967
0.68961
0.66945
0.67333
0.66240
0.65555
0.69201
0.67635
0.66792
0.66576
0.65327
0.68338
0.65718
0.68220
0.67219
0.66579
0.66527
0.65794
0.64953
0.67698
0.66778
0.66819
0.66560
0.66671
0.64918
0.67050
0.66709
0.66000
0.66175
0.67882
0.67237
0.66405
0.67186
0.67879
0.64723
0.65998
0.66648
0.65117
0.66806
0.67963
0.66232
0.64423
0.65735
0.68344
0.66048
0.64208
0.68257
0.67113
0.65754
0.67481
0.70166
0.64481
0.67645
0.68007
0.65517
0.66717
0.66751
0.66716
0.67473
0.67806
0.66817
0.65724
0.65999
0.66728
0.67670
0.67519
0.67385
0.68334
0.66655
0.67552
0.66902
0.65095
0.67177
0.66420
0.65263
0.66044
0.69363
0.66665
0.66436
0.65043
0.64657
0.67090
0.65359
0.66279
0.66224
0.66622
0.67082
0.67541
0.67492
0.67683
0.67081
0.68040
0.68877
0.68212
0.66349
0.66364
0.65830
0.69025
0.68095
0.66903
0.65015
0.67423
0.66812
0.65260
0.64697
0.65115
0.65778
0.65847
0.66668
0.64924
0.67470
0.64813
0.66221
0.66194
0.66877
0.65649
0.70096
0.67724
0.66183
0.68357
0.66857
0.67347
0.66703
0.67399
0.66034
0.67920
0.67693
0.68247
0.66049
0.67275
0.67242
0.65495
0.67613
0.67991
0.68035
0.67831
0.66096
0.66875
0.68879
0.67699
0.68631
0.64717
0.66619
0.66478
0.67994
0.65866
0.66736
0.67205
0.67173
0.67095
0.68830
0.69287
0.67625
0.67560
0.68317
0.66234
0.67783
0.68236
0.69275
0.68195
0.68469
0.67565
0.67848
0.68590
0.67652
0.66226
0.67689
0.67245
0.66341
0.64879
0.67280
0.68050
0.67184
0.67995
0.68180
0.66400
0.66746
0.65493
0.66563
0.69069
0.66677
0.67478
0.68837
0.66503
0.67038
0.66855
0.67399
0.67546
0.67564
0.66128
0.66999
0.66810
0.66887
0.66793
0.66065
0.65524
0.66638
0.67586
0.65591
0.66677
0.64710
0.66723
0.66276
0.65700
0.69090
0.66389
0.69403
0.67358
0.66117
0.64238
0.67148
0.66968
0.66510
0.64205
0.66122
0.66254
0.66454
0.66936
0.66967
0.65842
0.67499
0.67089
0.67801
0.67010
0.66746
0.65825
0.64466
0.66582
0.67860
0.65680
0.69464
0.65828
0.65461
0.67838
0.68888
0.67028
0.66739
0.67048
0.67187
0.69372
0.68027
0.66138
0.66645
0.65623
0.65230
0.66262
0.67846
0.67137
0.66351
0.65051
0.67858
0.66117
0.66541
0.68235
0.65006
0.68153
0.69106
0.68036
0.66908
0.66856
0.66514
0.66868
0.65901
0.65023
0.64991
0.68746
0.65376
0.67540
0.68503
0.65713
0.68917
0.64390
0.66137
0.64718
0.66537
0.66262
0.66573
0.67562
0.68713
0.67902
0.68086
0.64122
0.67225
0.67837
0.69091
0.66654
0.69706
0.68362
0.68187
0.65654
0.67728
0.68614
0.65550
0.67076
0.68353
0.67668
0.67084
0.65316
0.69179
0.69489
0.66963
0.66229
0.70156
0.66345
0.67296
0.68468
0.66584
0.66078
0.67605
0.65141
0.70436
0.67760
0.65975
0.70179
0.66313
0.66555
0.66429
0.68969
0.68113
0.65863
0.68401
0.64680
0.66261
0.70973
0.66228
0.65818
0.67771
0.66262
0.65986
0.65882
0.68372
0.67014
0.67712
0.68152
0.65344
0.64302
0.64928
0.68069
0.66262
0.67460
0.67341
0.68516
0.65075
0.67825
0.67177
0.67430
0.66662
0.64441
0.67979
0.67217
0.64791
0.65468
0.68899
0.67838
0.68681
0.66425
0.65978
0.65170
0.65733
0.67423
0.65272
0.66289
0.65524
0.65891
0.66680
0.67884
0.66084
0.66317
0.67525
0.68703
0.68495
0.66974
0.67274
0.69220
0.65578
0.68223
0.67263
0.65671
0.66677
0.64592
0.67681
0.67882
0.67791
0.64300
0.65767
0.68989
0.65671
0.67151
0.67457
0.64576
0.66782
0.67161
0.67442
0.68931
0.66272
0.68855
0.65903
0.64887
0.67563
0.65595
0.64531
0.65927
0.66072
0.65755
0.67340
0.68277
0.66942
0.68012
0.65564
0.65814
0.66502
0.68530
0.67138
0.64487
0.68360
0.65872
0.64930
0.67139
0.67424
0.66616
0.66858
0.66184
0.69090
0.66906
0.69546
0.65960
0.67866
0.69176
0.68152
0.66670
0.66411
0.66037
0.67602
0.66998
0.67274
0.67624
0.66304
0.66437
0.65095
0.67427
0.67727
0.68834
0.67410
0.66507
0.66491
0.67833
0.67753
0.68344
0.68062
0.67247
0.67265
0.67860
0.68338
0.66331
0.66731
0.65010
0.65852
0.67131
0.65134
0.66163
0.67464
0.66440
0.66139
0.67212
0.66135
0.67294
0.66578
0.66998
0.65610
0.66159
0.69001
0.66722
0.68521
0.66774
0.63905
0.66616
0.65868
0.67220
0.66164
0.69750
0.67977
0.64867
0.66967
0.67850
0.66280
0.67362
0.68328
0.67012
0.66568
0.66432
0.67960
0.66904
0.66660
0.64631
0.68400
0.65890
0.67064
0.67614
0.67421
0.63882
0.66039
0.67158
0.67174
0.66392
0.65609
0.65618
0.66334
0.68247
0.66567
0.66846
0.65865
0.66507
0.66660
0.65265
0.68103
0.67561
0.66471
0.69811
0.67446
0.68132
0.66744
0.69031
0.67401
0.67337
0.68357
0.64772
0.67240
0.65604
0.66307
0.64557
0.67849
0.70602
0.66335
0.66072
0.68507
0.65425
0.63956
0.67146
0.67900
0.65683
0.67907
0.68601
0.67019
0.67031
0.67330
0.68140
0.66910
0.66063
0.65328
0.68077
0.65724
0.67794
0.68614
0.67106
0.66483
0.68544
0.67117
0.67200
0.65913
0.66798
0.66696
0.66001
0.66621
0.65057
0.65771
0.66151
0.65536
0.65264
0.67288
0.67291
0.67187
0.66563
0.66513
0.66761
0.67568
0.64600
0.67962
0.65746
0.68358
0.66943
0.65116
0.65709
0.64450
0.65454
0.67002
0.64721
0.64005
0.64095
0.64393
0.66932
0.65924
0.66061
0.65989
0.67564
0.66689
0.65547
0.67160
0.65216
0.67173
0.65791
0.63698
0.64606
0.66106
0.64415
0.66658
0.66042
0.65586
0.68084
0.65936
0.66868
0.66633
0.66102
0.65742
0.66861
0.63578
0.65327
0.66559
0.65222
0.68505
0.67168
0.65876
0.66292
0.65417
0.64594
0.67597
0.64147
0.65195
0.65033
0.64030
0.64524
0.66517
0.66390
0.67162
0.63341
0.67064
0.66692
0.66711
0.67741
0.66253
0.67202
0.67326
0.67701
0.65477
0.64883
0.66310
0.67196
0.67628
0.67347
0.66316
0.68057
0.65549
0.66981
0.65340
0.67052
0.65894
0.66053
0.66638
0.64253
0.66753
0.64991
0.66762
0.68522
0.63211
0.67299
0.69323
0.66238
0.66044
0.68466
0.65955
0.66345
0.67597
0.66426
0.67965
0.65833
0.65874
0.66961
0.67772
0.66287
0.67892
0.66392
0.66447
0.67489
0.66664
0.64871
0.65757
0.67670
0.67712
0.66915
0.67530
0.66432
0.65783
0.67066
0.68795
0.66859
0.64681
0.67247
0.65518
0.65339
0.66116
0.66957
0.66543
0.66357
0.67878
0.65727
0.64917
0.65906
0.65118
0.67994
0.68203
0.65549
0.67368
0.65761
0.66762
0.67361
0.68923
0.66646
0.67856
0.66324
0.68409
0.66340
0.68295
0.66773
0.65478
0.68083
0.66675
0.68715
0.64106
0.70121
0.65826
0.65596
0.68196
0.68791
0.68608
0.65884
0.68211
0.68567
0.64608
0.63986
0.67382
0.66480
0.66718
0.66601
0.63406
0.66496
0.64737
0.66056
0.66708
0.65491
0.67136
0.65462
0.69645
0.68021
0.67451
0.66430
0.67590
0.66528
0.68053
0.65784
0.67365
0.68744
0.64993
0.66859
0.66460
0.68388
0.68161
0.68399
0.65496
0.67589
0.68933
0.67263
0.67059
0.67213
0.66888
0.68760
0.67264
0.66759
0.66947
0.66967
0.65853
0.68971
0.65818
0.68438
0.65464
0.64143
0.66194
0.68694
0.68378
0.65516
0.68171
0.65443
0.67971
0.69423
0.67968
0.65821
0.65758
0.65670
0.68971
0.68441
0.69912
0.65407
0.68990
0.67069
0.65938
0.67013
0.66721
0.69003
0.67014
0.64933
0.68976
0.64061
0.65543
0.67846
0.65695
0.67368
0.68464
0.68239
0.65299
0.66696
0.68335
0.67380
0.65604
0.65245
0.68227
0.67055
0.68828
0.69310
0.66449
0.66619
0.69131
0.67147
0.66941
0.64703
0.65615
0.66942
0.67089
0.66439
0.64619
0.66812
0.65457
0.68102
0.67606
0.66043
0.65049
0.66452
0.66224
0.69839
0.67097
0.66856
0.66267
0.67115
0.65040
0.65476
0.66459
0.68315
0.67135
0.64625
0.64090
0.67031
0.65537
0.65363
0.67997
0.64908
0.66147
0.66434
0.66872
0.65375
0.66761
0.66539
0.66236
0.68368
0.64500
0.67794
0.68226
0.67895
0.69341
0.68935
0.66024
0.65320
0.66036
0.66606
0.66981
0.64986
0.66381
0.66454
0.65501
0.66906
0.67969
0.66966
0.67774
0.66505
0.66202
0.66057
0.67092
0.65345
0.67290
0.67961
0.66178
0.64614
0.65918
0.67109
0.67064
0.64612
0.65898
0.67541
0.64802
0.66121
0.64850
0.66216
0.65830
0.66486
0.65075
0.66565
0.65337
0.65052
0.64334
0.67687
0.66079
0.65529
0.65111
0.65069
0.64038
0.64003
0.65883
0.67027
0.64819
0.66216
0.68321
0.65234
0.68290
0.66951
0.65074
0.66825
0.65856
0.62961
0.68069
0.66915
0.66368
0.65491
0.65780
0.64701
0.67870
0.66631
0.65895
0.64927
0.66474
0.67308
0.65289
0.66692
0.66367
0.65228
0.64967
0.65932
0.65509
0.65068
0.65629
0.66035
0.67694
0.64745
0.64967
0.64840
0.65961
0.65702
0.66505
0.66383
0.66621
0.64743
0.65114
0.66158
0.67834
0.67440
0.67135
0.66283
0.67220
0.67068
0.65651
0.67205
0.67507
0.65397
0.65088
0.68725
0.64416
0.70323
0.67115
0.65319
0.68770
0.66566
0.66290
0.67914
0.66095
0.65545
0.67895
0.67199
0.66182
0.67089
0.66952
0.67016
0.64788
0.65367
0.67321
0.65827
0.67889
0.65147
0.65826
0.67137
0.65606
0.67342
0.64885
0.64332
0.67476
0.64724
0.67520
0.67468
0.67041
0.65983
0.67193
0.66066
0.66040
0.65210
0.66005
0.66417
0.66388
0.65639
0.63762
0.68780
0.69193
0.67062
0.64631
0.64460
0.67142
0.66022
0.64393
0.68928
0.67414
0.68442
0.64765
0.67720
0.66111
0.67875
0.66830
0.66812
0.67445
0.65355
0.65975
0.68391
0.67186
0.66100
0.66057
0.66393
0.65894
0.67925
0.66033
0.64900
0.66574
0.68814
0.66519
0.64067
0.66070
0.64831
0.66806
0.66057
0.67721
0.65288
0.66748
0.65856
0.64860
0.66438
0.65599
0.68197
0.64917
0.66315
0.66509
0.66849
0.64695
0.63972
0.67807
0.63776
0.64529
0.64048
0.66594
0.66435
0.67166
0.66924
0.65793
0.65285
0.65097
0.66324
0.64198
0.66029
0.66910
0.64746
0.66702
0.67780
0.67129
0.67865
0.66078
0.66580
0.64829
0.65445
0.66174
0.67471
0.66950
0.65553
0.66583
0.66862
0.65570
0.67242
0.68228
0.66597
0.66752
0.66451
0.65454
0.66673
0.66382
0.63442
0.64362
0.65038
0.67569
0.66114
0.66294
0.66459
0.65395
0.66072
0.67280
0.66161
0.64239
0.67198
0.63106
0.65737
0.63568
0.66335
0.66157
0.66276
0.65174
0.64888
0.65815
0.65698
0.66425
0.66461
0.66067
0.67810
0.67435
0.65776
0.65991
0.65066
0.68307
0.67188
0.66517
0.65323
0.64384
0.66599
0.65900
0.68772
0.64532
0.66274
0.68572
0.67784
0.65139
0.67272
0.67064
0.67771
0.69078
0.66824
0.64424
0.64238
0.66583
0.66801
0.66575
0.64684
0.67071
0.66840
0.66759
0.66792
0.67155
0.66025
0.67138
0.66167
0.66293
0.66952
0.67079
0.69301
0.66721
0.66151
0.66167
0.66623
0.65858
0.65668
0.66056
0.67587
0.65170
0.67846
0.66729
0.67846
0.66727
0.63779
0.67539
0.67032
0.65576
0.67607
0.66894
0.67036
0.65770
0.69130
0.67727
0.66416
0.68051
0.65931
0.68106
0.65927
0.64953
0.68110
0.68812
0.66162
0.65994
0.65715
0.68878
0.65715
0.65198
0.66472
0.68184
0.66314
0.67955
0.66396
0.67147
0.68105
0.65451
0.66877
0.65633
0.66063
0.69338
0.67454
0.63545
0.66759
0.63016
0.65627
0.65806
0.65524
0.64832
0.66723
0.68558
0.65161
0.67977
0.68832
0.66643
0.66815
0.66152
0.67926
0.65787
0.66914
0.65557
0.65493
0.67195
0.64843
0.66725
0.66072
0.66381
0.64548
0.66066
0.67163
0.67095
0.66207
0.65223
0.66227
0.67442
0.66927
0.65428
0.64733
0.67931
0.67068
0.65540
0.65176
0.68186
0.65512
0.66578
0.66889
0.66393
0.66628
0.67894
0.65733
0.65326
0.66685
0.67339
0.66343
0.65833
0.66529
0.64268
0.65657
0.67540
0.66792
0.65210
0.69542
0.65253
0.67347
0.66792
0.66595
0.65400
0.66534
0.67299
0.66865
0.66064
0.65842
0.69477
0.63248
0.67647
0.66760
0.67651
0.66098
0.65654
0.66461
0.67065
0.69088
0.65614
0.63681
0.66035
0.66394
0.67778
0.67298
0.68203
0.64809
0.67607
0.65285
0.66139
0.66007
0.66611
0.67694
0.67883
0.65353
0.66740
0.67385
0.65955
0.69215
0.66544
0.67788
0.66311
0.66539
0.66828
0.67392
0.67837
0.65107
0.67546
0.66260
0.66765
0.64853
0.64191
0.66573
0.65711
0.66260
0.65348
0.66648
0.65953
0.69118
0.67768
0.67029
0.67731
0.65341
0.66219
0.67368
0.66816
0.66852
0.66381
0.64163
0.66318
0.65950
0.67803
0.67145
0.65457
0.65930
0.66835
0.68864
0.66184
0.66784
0.66258
0.67211
0.66417
0.67743
0.66569
0.66470
0.67563
0.68038
0.68152
0.67534
0.69541
0.68737
0.67823
0.67510
0.68442
0.68125
0.67922
0.69647
0.67492
0.69394
0.67909
0.67133
0.67830
0.65686
0.67549
0.65072
0.66863
0.66784
0.67975
0.69158
0.66005
0.67943
0.67827
0.67443
0.67617
0.65828
0.68723
0.65884
0.66458
0.67505
0.68951
0.67691
0.66046
0.67298
0.67245
0.66346
0.65835
0.66112
0.67370
0.68667
0.65020
0.64484
0.65224
0.65305
0.67732
0.65862
0.66871
0.65301
0.66499
0.68399
0.65546
0.66164
0.65812
0.67353
0.65085
0.64111
0.67395
0.68883
0.66847
0.67198
0.66131
0.66629
0.66281
0.66450
0.65842
0.66806
0.67399
0.64732
0.65646
0.67072
0.65432
0.66599
0.66679
0.66809
0.66907
0.67688
0.67515
0.66697
0.67983
0.68065
0.66918
0.66029
0.67257
0.66785
0.66385
0.66196
0.68251
0.66464
0.69309
0.66724
0.64817
0.67647
0.68220
0.64704
0.67331
0.67836
0.67747
0.66005
0.68020
0.66160
0.65605
0.68432
0.66368
0.68590
0.66316
0.67229
0.65033
0.66114
0.67257
0.65425
0.67266
0.66795
0.67906
0.66232
0.69021
0.67098
0.67126
0.68064
0.66272
0.68427
0.66873
0.66858
0.66896
0.66830
0.65355
0.69902
0.68647
0.67190
0.67204
0.69051
0.68735
0.66969
0.66827
0.66353
0.68006
0.66475
0.64982
0.69067
0.66581
0.67514
0.66355
0.67412
0.66865
0.69480
0.67383
0.66667
0.64775
0.65987
0.67529
0.66394
0.67221
0.67670
0.68652
0.66244
0.66458
0.66928
0.64682
0.65096
0.67086
0.67606
0.67056
0.68214
0.67746
0.67248
0.67167
0.67517
0.65433
0.65313
0.67049
0.66862
0.68654
0.68200
0.68708
0.65619
0.67512
0.66235
0.65243
0.67336
0.67170
0.66845
0.69675
0.68248
0.68049
0.68297
0.69145
0.66779
0.68522
0.67902
0.69917
0.65233
0.68385
0.68216
0.67341
0.67010
0.68467
0.66558
0.65268
0.69148
0.67004
0.66814
0.64657
0.67908
0.68754
0.66605
0.69057
0.68558
0.64583
0.65133
0.66177
0.66918
0.66516
0.66236
0.67580
0.69634
0.67824
0.68294
0.67062
0.69204
0.68664
0.68906
0.67304
0.69406
0.66062
0.68084
0.66538
0.65576
0.67486
0.68181
0.67333
0.66260
0.66304
0.68087
0.66319
0.64577
0.65344
0.66934
0.63737
0.64387
0.66742
0.66629
0.67644
0.67351
0.67053
0.65364
0.64968
0.65954
0.67230
0.65666
0.66508
0.66066
0.66819
0.66172
0.65095
0.67481
0.66512
0.67919
0.66956
0.68709
0.66571
0.65648
0.64557
0.66763
0.66821
0.65266
0.67416
0.67126
0.66508
0.66289
0.67588
0.65083
0.67471
0.66557
0.66334
0.65183
0.67095
0.64557
0.63153
0.66005
0.67245
0.63314
0.70117
0.65984
0.65766
0.65742
0.64058
0.67785
0.65777
0.67647
0.68095
0.66286
0.64715
0.66103
0.65928
0.67156
0.66275
0.64643
0.65616
0.66201
0.67250
0.66220
0.64967
0.65805
0.67671
0.67443
0.64219
0.66990
0.67887
0.67248
0.64593
0.66183
0.64186
0.67666
0.64032
0.65820
0.66039
0.65509
0.64739
0.67552
0.66239
0.66058
0.65609
0.67798
0.65083
0.66542
0.65416
0.63664
0.66487
0.65925
0.65051
0.65440
0.66096
0.65672
0.67126
0.66689
0.65124
0.65703
0.64893
0.67370
0.65058
0.64828
0.66067
0.63952
0.63170
0.67430
0.66097
0.64861
0.64295
0.65311
0.66008
0.66161
0.64020
0.65616
0.66331
0.65963
0.63706
0.65944
0.67425
0.65104
0.65430
0.66121
0.66045
0.64553
0.66470
0.66196
0.66737
0.65459
0.64723
0.67112
0.66453
0.66091
0.66777
0.66325
0.67078
0.66683
0.65993
0.64136
0.66524
0.64931
0.65023
0.64051
0.65705
0.65516
0.66102
0.64831
0.65296
0.65089
0.65219
0.65900
0.65900
0.66954
0.64475
0.65840
0.66948
0.66461
0.66541
0.65150
0.67115
0.67013
0.66823
0.65183
0.66175
0.66073
0.63222
0.65832
0.67629
0.66988
0.64933
0.65865
0.68359
0.69419
0.67257
0.64789
0.67063
0.65897
0.66788
0.67210
0.65452
0.66172
0.66388
0.67704
0.66558
0.66107
0.66486
0.67930
0.67535
0.64653
0.64387
0.65886
0.66224
0.69134
0.67167
0.65551
0.64513
0.68362
0.67702
0.69116
0.66694
0.67889
0.64288
0.65973
0.64681
0.66109
0.66640
0.67629
0.67641
0.68987
0.66941
0.67138
0.67219
0.66283
0.66125
0.68235
0.65883
0.67249
0.68757
0.65845
0.65766
0.66935
0.67070
0.68125
0.68724
0.65671
0.66747
0.67879
0.66496
0.67208
0.66608
0.68127
0.67266
0.67435
0.66967
0.66172
0.67305
0.66245
0.65029
0.64548
0.65588
0.68550
0.68454
0.68151
0.65098
0.64994
0.68374
0.67126
0.67410
0.68498
0.66494
0.66305
0.67016
0.66038
0.66651
0.67433
0.67770
0.67283
0.65002
0.66191
0.66705
0.65201
0.65823
0.68749
0.67322
0.63494
0.67007
0.69192
0.67940
0.66994
0.66000
0.67142
0.66326
0.66959
0.67563
0.64607
0.67291
0.68462
0.66762
0.65804
0.69060
0.66345
0.68781
0.66266
0.66117
0.65478
0.65433
0.68014
0.65180
0.66656
0.67977
0.65644
0.68243
0.66549
0.66066
0.66331
0.67644
0.67993
0.67803
0.65585
0.66628
0.66843
0.67705
0.66491
0.66421
0.67057
0.66952
0.66037
0.68555
0.66954
0.67222
0.67425
0.66886
0.68211
0.67332
0.66371
0.69246
0.67911
0.67533
0.66075
0.68579
0.67008
0.66350
0.65423
0.66291
0.69765
0.67117
0.66153
0.67690
0.67307
0.66612
0.66493
0.67917
0.66200
0.68111
0.64816
0.66762
0.65985
0.67317
0.68012
0.66161
0.66172
0.66041
0.70100
0.65645
0.67243
0.68969
0.67138
0.65601
0.67076
0.68407
0.67606
0.67354
0.67621
0.66136
0.67738
0.66448
0.65745
0.66741
0.67734
0.66369
0.67263
0.66793
0.68961
0.66491
0.66854
0.69994
0.69037
0.68740
0.66615
0.68336
0.66541
0.67781
0.68553
0.67134
0.66057
0.65067
0.66479
0.66415
0.66134
0.66140
0.65679
0.63092
0.68743
0.66496
0.66847
0.63999
0.64271
0.65611
0.66288
0.66003
0.65523
0.65590
0.65888
0.65886
0.64942
0.65377
0.65049
0.68403
0.67945
0.65888
0.65591
0.65355
0.64548
0.66110
0.65396
0.65771
0.64902
0.65955
0.67156
0.68221
0.65041
0.67921
0.65280
0.65628
0.66429
0.64333
0.65945
0.67597
0.65997
0.65723
0.65184
0.66169
0.66789
0.64310
0.66636
0.67035
0.69281
0.66266
0.65659
0.65108
0.64649
0.69940
0.66618
0.66973
0.66429
0.68168
0.66243
0.65941
0.64969
0.66390
0.65019
0.65610
0.65094
0.65656
0.69155
0.66281
0.66842
0.67750
0.66002
0.65800
0.66255
0.66560
0.67521
0.66615
0.67502
0.64038
0.65401
0.67509
0.66470
0.65550
0.66104
0.65193
0.65306
0.68464
0.68078
0.64196
0.67649
0.66750
0.65700
0.66910
0.66304
0.66937
0.64062
0.65547
0.68734
0.65389
0.66320
0.66903
0.66619
0.67431
0.65927
0.69220
0.66162
0.65648
0.67609
0.66617
0.67643
0.65981
0.65308
0.66280
0.65329
0.66352
0.63894
0.66229
0.66817
0.66373
0.66868
0.66176
0.66370
0.66311
0.68044
0.67174
0.67807
0.66921
0.67554
0.69250
0.66745
0.68523
0.67788
0.69271
0.67569
0.68564
0.65832
0.67629
0.65710
0.66996
0.65841
0.68367
0.64985
0.64514
0.65103
0.67984
0.65058
0.66373
0.66192
0.68419
0.67092
0.64009
0.67397
0.67842
0.65380
0.66266
0.68085
0.68022
0.64637
0.67178
0.66766
0.65180
0.68040
0.70096
0.65854
0.68300
0.69012
0.65017
0.68655
0.65921
0.65777
0.67249
0.66091
0.66672
0.69928
0.66966
0.65515
0.65970
0.62563
0.66824
0.67369
0.64813
0.67414
0.68029
0.67231
0.66292
0.67035
0.63640
0.64910
0.65917
0.64620
0.68121
0.65938
0.62963
0.64895
0.64679
0.67744
0.64578
0.66139
0.67934
0.64955
0.65152
0.65604
0.66601
0.67288
0.65862
0.65633
0.66285
0.66316
0.63622
0.65292
0.65245
0.65993
0.66870
0.65209
0.64850
0.65666
0.64915
0.64462
0.65658
0.64695
0.65376
0.65073
0.64284
0.66914
0.67630
0.67605
0.65509
0.64272
0.66924
0.66909
0.66449
0.66942
0.66110
0.67569
0.64341
0.65516
0.65814
0.67171
0.67978
0.66345
0.65246
0.63066
0.66299
0.67308
0.67066
0.65717
0.67243
0.66983
0.66496
0.65384
0.64912
0.66699
0.67073
0.65488
0.66433
0.64990
0.65852
0.67355
0.68073
0.65739
0.66688
0.65421
0.67977
0.66533
0.66072
0.66902
0.65345
0.67433
0.64596
0.65275
0.66288
0.66985
0.67886
0.65808
0.67315
0.66416
0.65714
0.65865
0.66155
0.67417
0.67421
0.65644
0.67907
0.68749
0.64392
0.68555
0.65952
0.66433
0.64930
0.65358
0.66171
0.67787
0.67038
0.67477
0.66060
0.66459
0.65886
0.65438
0.67935
0.64248
0.68210
0.68536
0.64654
0.65743
0.69113
0.67130
0.67159
0.65466
0.65928
0.66568
0.66207
0.67104
0.67444
0.67549
0.65862
0.65907
0.65451
0.66170
0.65536
0.64966
0.64790
0.66074
0.69010
0.66187
0.66068
0.66627
0.68326
0.67347
0.67679
0.65471
0.67348
0.69622
0.64751
0.64424
0.67897
0.64607
0.65741
0.66210
0.66465
0.65539
0.64710
0.66687
0.64705
0.65057
0.66496
0.67180
0.67689
0.66737
0.66444
0.65286
0.67655
0.65885
0.66032
0.64828
0.67554
0.67180
0.66894
0.64953
0.67692
0.67271
0.65889
0.67441
0.66288
0.67877
0.68961
0.66609
0.67081
0.64243
0.66132
0.66335
0.65581
0.64527
0.66437
0.66644
0.66798
0.67304
0.66838
0.66618
0.64437
0.66167
0.68385
0.66141
0.66039
0.64090
0.65531
0.69210
0.68205
0.64301
0.65683
0.67858
0.65419
0.65222
0.66859
0.64848
0.65344
0.65772
0.65283
0.68484
0.65316
0.67422
0.68371
0.66343
0.68985
0.65796
0.65440
0.66813
0.63790
0.66780
0.64410
0.67954
0.67745
0.66127
0.65976
0.64433
0.67389
0.67153
0.65972
0.65159
0.65327
0.66361
0.65689
0.65903
0.66633
0.66050
0.66163
0.66763
0.68495
0.66130
0.67788
0.66419
0.67650
0.67442
0.68258
0.65410
0.64458
0.66721
0.67526
0.65219
0.66917
0.64258
0.66343
0.63712
0.65747
0.66725
0.67693
0.64934
0.66622
0.65294
0.66027
0.66979
0.66577
0.64548
0.65819
0.66082
0.68160
0.67750
0.68044
0.66824
0.68422
0.67596
0.68736
0.67104
0.65328
0.67581
0.67078
0.65734
0.65781
0.67370
0.69042
0.67511
0.67466
0.69041
0.67076
0.66060
0.68368
0.66604
0.64986
0.65632
0.65128
0.67759
0.67872
0.66863
0.66398
0.65920
0.68052
0.69468
0.65992
0.66632
0.67158
0.68415
0.66184
0.67728
0.65821
0.65817
0.65521
0.66973
0.67814
0.68061
0.68005
0.65524
0.65229
0.65499
0.66923
0.65760
0.67470
0.65490
0.67577
0.65020
0.67004
0.67835
0.65269
0.66797
0.67215
0.64863
0.67716
0.65279
0.64913
0.67192
0.69719
0.66464
0.66037
0.66288
0.66102
0.67410
0.66908
0.68578
0.67561
0.65801
0.65087
0.64641
0.67937
0.68867
0.67206
0.66990
0.67006
0.66094
0.68265
0.68935
0.66427
0.67522
0.68637
0.67377
0.66854
0.67193
0.67493
0.66072
0.68597
0.67899
0.65549
0.67289
0.69307
0.67425
0.66010
0.64997
0.65830
0.67045
0.68174
0.65726
0.67541
0.66342
0.68676
0.66337
0.66574
0.66177
0.66427
0.65591
0.66839
0.65605
0.66656
0.66621
0.67480
0.67646
0.66433
0.65101
0.67407
0.65322
0.67910
0.64538
0.70109
0.66314
0.66688
0.66259
0.68529
0.66368
0.64889
0.66602
0.66028
0.66390
0.66117
0.66423
0.66477
0.67457
0.67574
0.65275
0.66265
0.64501
0.67948
0.65701
0.65565
0.65827
0.65316
0.63190
0.66522
0.66655
0.64516
0.66978
0.66225
0.68551
0.65963
0.65878
0.66038
0.66382
0.64172
0.66328
0.65757
0.67693
0.64857
0.66658
0.68353
0.67298
0.67151
0.68332
0.66741
0.67079
0.68227
0.68264
0.67724
0.67050
0.66635
0.67894
0.66766
0.67362
0.66614
0.65407
0.65672
0.65074
0.67850
0.68192
0.66962
0.67940
0.66885
0.67154
0.67544
0.67097
0.63984
0.65989
0.65265
0.62864
0.65810
0.66165
0.68414
0.65759
0.66327
0.65411
0.67581
0.66684
0.67074
0.65948
0.65800
0.66723
0.63687
0.66940
0.66360
0.67052
0.66206
0.64362
0.67513
0.64901
0.67319
0.69083
0.65423
0.66468
0.66876
0.64779
0.65431
0.64874
0.66030
0.69130
0.68498
0.65749
0.67589
0.65591
0.67451
0.67641
0.64756
0.68283
0.66779
0.68904
0.66630
0.66891
0.65941
0.66142
0.67408
0.64285
0.66121
0.64426
0.63403
0.65130
0.66014
0.67304
0.63875
0.66445
0.65077
0.63725
0.67007
0.63579
0.64302
0.64629
0.63943
0.65031
0.64831
0.67364
0.63954
0.65398
0.65406
0.66741
0.66198
0.65510
0.67527
0.65269
0.66241
0.65907
0.65734
0.65380
0.66977
0.65835
0.66426
0.66446
0.68659
0.66761
0.66872
0.63596
0.63991
0.66995
0.65609
0.64329
0.65557
0.65783
0.65662
0.66040
0.68236
0.65734
0.64951
0.65022
0.66818
0.65848
0.65420
0.65502
0.64812
0.64866
0.66421
0.66436
0.67146
0.67507
0.64574
0.65980
0.65897
0.65705
0.65146
0.66070
0.66175
0.65696
0.67081
0.67391
0.68080
0.66786
0.66635
0.65490
0.67822
0.65355
0.68830
0.66234
0.65823
0.67421
0.66691
0.65402
0.64914
0.65938
0.68247
0.68598
0.66131
0.65831
0.65711
0.64847
0.66884
0.67492
0.66771
0.66237
0.66643
0.66877
0.67411
0.69131
0.68402
0.67712
0.68770
0.66302
0.67474
0.67790
0.66379
0.67068
0.67613
0.65520
0.67481
0.65278
0.64492
0.66715
0.68727
0.67167
0.66746
0.64766
0.64231
0.65501
0.64269
0.68558
0.68365
0.68106
0.67173
0.69643
0.65806
0.64581
0.64448
0.66785
0.68372
0.66940
0.66042
0.65391
0.66573
0.67016
0.68659
0.68664
0.65902
0.65058
0.63196
0.66338
0.65012
0.65270
0.67613
0.65382
0.65947
0.66082
0.68715
0.66782
0.66826
0.67550
0.64668
0.64752
0.68940
0.66674
0.65857
0.65755
0.67463
0.66073
0.64932
0.66185
0.65169
0.67197
0.66394
0.65936
0.66284
0.65452
0.64338
0.65679
0.66172
0.66382
0.67828
0.65003
0.66705
0.67200
0.68864
0.66036
0.67181
0.66461
0.64424
0.65588
0.67104
0.65863
0.67946
0.66130
0.66498
0.66013
0.68597
0.65762
0.65891
0.66833
0.68921
0.65694
0.66350
0.68293
0.66010
0.66316
0.64966
0.64972
0.66267
0.65249
0.63990
0.65590
0.65182
0.66978
0.65021
0.64845
0.66214
0.63960
0.64452
0.65343
0.65485
0.66173
0.66637
0.66977
0.64039
0.66119
0.64293
0.64146
0.66028
0.63148
0.66563
0.65079
0.64105
0.65948
0.66187
0.65715
0.64299
0.64992
0.65372
0.66682
0.65372
0.63471
0.67682
0.63723
0.68710
0.65872
0.66536
0.65394
0.64722
0.64660
0.65428
0.65691
0.67514
0.65058
0.65026
0.64418
0.64492
0.64972
0.65150
0.65868
0.65243
0.64933
0.66961
0.63497
0.66024
0.67612
0.65002
0.66477
0.64171
0.65808
0.65916
0.66820
0.63529
0.67051
0.66977
0.65485
0.67311
0.65192
0.67817
0.63766
0.64859
0.65680
0.66574
0.66476
0.64880
0.65179
0.63075
0.65088
0.67565
0.65134
0.67117
0.64066
0.65139
0.65530
0.67294
0.66838
0.66580
0.63714
0.66071
0.66210
0.66347
0.67260
0.67170
0.66585
0.65756
0.65296
0.65715
0.64323
0.65156
0.65650
0.66692
0.66225
0.65282
0.65125
0.64885
0.65629
0.66151
0.63953
0.66747
0.65279
0.66401
0.66409
0.65981
0.65522
0.67558
0.65024
0.67142
0.67258
0.65141
0.65961
0.63666
0.64788
0.66867
0.64882
0.67881
0.68134
0.66178
0.66187
0.67273
0.67642
0.65269
0.65025
0.65505
0.68442
0.66330
0.66460
0.67501
0.67738
0.64326
0.66900
0.67315
0.65991
0.65858
0.66277
0.65065
0.66708
0.66780
0.65148
0.65366
0.65770
0.66407
0.66081
0.65960
0.68829
0.69688
0.64559
0.65860
0.65982
0.65067
0.66302
0.67724
0.66247
0.67611
0.64687
0.67450
0.67030
0.64627
0.66010
0.65805
0.66563
0.66725
0.66507
0.62926
0.67680
0.68477
0.66543
0.65689
0.64512
0.66854
0.66931
0.66400
0.65411
0.65008
0.68276
0.66040
0.66938
0.68101
0.66320
0.66259
0.65828
0.66664
0.64041
0.66183
0.64640
0.66264
0.65949
0.67019
0.66861
0.65773
0.67178
0.64449
0.66684
0.67317
0.67149
0.65704
0.64307
0.66388
0.66629
0.63579
0.66672
0.66984
0.68531
0.66937
0.65915
0.65051
0.64877
0.65772
0.64691
0.66185
0.66154
0.66029
0.66574
0.65448
0.67191
0.65024
0.66056
0.64965
0.65753
0.65336
0.66265
0.65483
0.64668
0.68745
0.66681
0.64675
0.63806
0.68415
0.64779
0.68406
0.66871
0.66901
0.66291
0.68124
0.66198
0.66994
0.62541
0.65124
0.65338
0.65935
0.65779
0.64951
0.64916
0.65249
0.66152
0.67154
0.66933
0.68117
0.65600
0.66978
0.66417
0.67475
0.67771
0.66267
0.64881
0.68536
0.66501
0.66339
0.68641
0.66111
0.67309
0.66793
0.66803
0.67230
0.67913
0.66318
0.66318
0.68575
0.67251
0.67817
0.66222
0.66261
0.67924
0.66819
0.65336
0.67740
0.66611
0.67768
0.66969
0.66841
0.67438
0.67793
0.68727
0.67157
0.66431
0.67585
0.67127
0.65731
0.67334
0.67484
0.68353
0.65085
0.66117
0.66453
0.63941
0.65534
0.67188
0.67200
0.67149
0.66231
0.66173
0.68463
0.64515
0.65147
0.65853
0.68610
0.69405
0.67517
0.66305
0.65073
0.69642
0.67171
0.68078
0.66754
0.65093
0.65394
0.68112
0.66396
0.65148
0.66600
0.66728
0.66704
0.66299
0.68561
0.66303
0.67694
0.64619
0.65269
0.67172
0.65310
0.67636
0.66818
0.66722
0.64775
0.68443
0.66049
0.65868
0.68686
0.67554
0.65850
0.67608
0.65400
0.65136
0.67900
0.64201
0.66077
0.65720
0.68088
0.67649
0.68572
0.67707
0.69893
0.66442
0.65636
0.65020
0.65076
0.67002
0.66553
0.65067
0.65331
0.65788
0.66666
0.67637
0.63653
0.65062
0.68356
0.65925
0.65904
0.67020
0.66093
0.65925
